Date	Time	Monkey	Panel	Sess Time	Trial	Trial Time	code (0 grid touch, 1 large pix touch, 2 failed trial)	Latency to grid touch	Grid Choice	Category	Picture	Switch?	Switch count	Left categ	Left picture	Right categ	Right picture	Correct Trials	Failed Trials	% Failed	% success	Correct Trials Left	Correct Trials Right	% left choice	% right choice	record number
2016_04_04_9_11_AM	41002.3414036600	30547	11	20140	1	15000	2	15000	99				0	Fruit	FRT3.JPG	Lab	LAB6.JPG	0	1	100	0	0	0	NaN	NaN	1
2016_04_04_9_12_AM	41002.3421096726	30547	11	81139	2	15000	2	15000	99				0	Fruit	FRT4.JPG	Lab	LAB1.JPG	0	2	100	0	0	0	NaN	NaN	2
2016_04_04_9_13_AM	41002.3428156852	30547	11	142139	3	15000	2	15000	99				0	Fruit	FRT5.JPG	Lab	LAB4.JPG	0	3	100	0	0	0	NaN	NaN	3
2016_04_04_9_14_AM	41002.3435217210	30547	11	203140	4	15000	2	15000	99				0	Fruit	FRT2.JPG	Lab	LAB3.JPG	0	4	100	0	0	0	NaN	NaN	4
2016_04_04_9_15_AM	41002.3442277220	30547	11	264139	5	15000	2	15000	99				0	Fruit	FRT6.JPG	Lab	LAB5.JPG	0	5	100	0	0	0	NaN	NaN	5
2016_04_04_9_16_AM	41002.3449337462	30547	11	325139	6	15000	2	15000	99				0	Fruit	FRT1.JPG	Lab	LAB2.JPG	0	6	100	0	0	0	NaN	NaN	6
2016_04_04_9_17_AM	41002.3456397588	30547	11	386139	7	15000	2	15000	99				0	Fruit	FRT6.JPG	Affiliative	AFF2.JPG	0	7	100	0	0	0	NaN	NaN	7
2016_04_04_9_18_AM	41002.3463457830	30547	11	447139	8	15000	2	15000	99				0	Fruit	FRT2.JPG	Affiliative	AFF3.JPG	0	8	100	0	0	0	NaN	NaN	8
2016_04_04_9_19_AM	41002.3470517956	30547	11	508139	9	15000	2	15000	99				0	Fruit	FRT5.JPG	Affiliative	AFF5.JPG	0	9	100	0	0	0	NaN	NaN	9
2016_04_04_9_20_AM	41002.3477578197	30547	11	569139	10	15000	2	15000	99				0	Fruit	FRT3.JPG	Affiliative	AFF1.JPG	0	10	100	0	0	0	NaN	NaN	10
2016_04_04_9_21_AM	41002.3484638323	30547	11	630139	11	15000	2	15000	99				0	Fruit	FRT1.JPG	Affiliative	AFF6.JPG	0	11	100	0	0	0	NaN	NaN	11
2016_04_04_9_22_AM	41002.3491698565	30547	11	691139	12	15000	2	15000	99				0	Fruit	FRT4.JPG	Affiliative	AFF4.JPG	0	12	100	0	0	0	NaN	NaN	12
2016_04_04_9_23_AM	41002.3499221681	30547	11	756139	13	15000	2	15000	99				0	Affiliative	AFF4.JPG	Lab	LAB1.JPG	0	13	100	0	0	0	NaN	NaN	13
2016_04_04_9_24_AM	41002.3506282038	30547	11	817140	14	15000	2	15000	99				0	Affiliative	AFF1.JPG	Lab	LAB6.JPG	0	14	100	0	0	0	NaN	NaN	14
2016_04_04_9_25_AM	41002.3513342164	30547	11	878140	15	15000	2	15000	99				0	Affiliative	AFF2.JPG	Lab	LAB5.JPG	0	15	100	0	0	0	NaN	NaN	15
2016_04_04_9_26_AM	41002.3520402406	30547	11	939140	16	15000	2	15000	99				0	Affiliative	AFF5.JPG	Lab	LAB3.JPG	0	16	100	0	0	0	NaN	NaN	16
2016_04_04_9_27_AM	41002.3527462532	30547	11	1000140	17	15000	2	15000	99				0	Affiliative	AFF3.JPG	Lab	LAB2.JPG	0	17	100	0	0	0	NaN	NaN	17
2016_04_04_9_28_AM	41002.3534522774	30547	11	1061140	18	15000	2	15000	99				0	Affiliative	AFF6.JPG	Lab	LAB4.JPG	0	18	100	0	0	0	NaN	NaN	18
2016_04_04_9_29_AM	41002.3541582900	30547	11	1122140	19	15000	2	15000	99				0	Nature	NAT3.JPG	Affiliative	AFF4.JPG	0	19	100	0	0	0	NaN	NaN	19
2016_04_04_9_31_AM	41002.3548643142	30547	11	1183140	20	15000	2	15000	99				0	Nature	NAT5.JPG	Affiliative	AFF6.JPG	0	20	100	0	0	0	NaN	NaN	20
2016_04_04_9_32_AM	41002.3555703152	30547	11	1244139	21	15000	2	15000	99				0	Nature	NAT6.JPG	Affiliative	AFF5.JPG	0	21	100	0	0	0	NaN	NaN	21
2016_04_04_9_33_AM	41002.3562763394	30547	11	1305139	22	15000	2	15000	99				0	Nature	NAT2.JPG	Affiliative	AFF1.JPG	0	22	100	0	0	0	NaN	NaN	22
2016_04_04_9_34_AM	41002.3569823520	30547	11	1366139	23	15000	2	15000	99				0	Nature	NAT1.JPG	Affiliative	AFF3.JPG	0	23	100	0	0	0	NaN	NaN	23
2016_04_04_9_35_AM	41002.3576883762	30547	11	1427139	24	15000	2	15000	99				0	Nature	NAT4.JPG	Affiliative	AFF2.JPG	0	24	100	0	0	0	NaN	NaN	24
2016_04_04_9_36_AM	41002.3584406877	30547	11	1492139	25	15000	2	15000	99				0	Lab	LAB6.JPG	Nature	NAT2.JPG	0	25	100	0	0	0	NaN	NaN	25
2016_04_04_9_37_AM	41002.3591467003	30547	11	1553139	26	15000	2	15000	99				0	Lab	LAB5.JPG	Nature	NAT1.JPG	0	26	100	0	0	0	NaN	NaN	26
2016_04_04_9_38_AM	41002.3598527361	30547	11	1614140	27	15000	2	15000	99				0	Lab	LAB2.JPG	Nature	NAT6.JPG	0	27	100	0	0	0	NaN	NaN	27
2016_04_04_9_39_AM	41002.3605587487	30547	11	1675140	28	15000	2	15000	99				0	Lab	LAB3.JPG	Nature	NAT3.JPG	0	28	100	0	0	0	NaN	NaN	28
2016_04_04_9_40_AM	41002.3612647729	30547	11	1736140	29	15000	2	15000	99				0	Lab	LAB1.JPG	Nature	NAT5.JPG	0	29	100	0	0	0	NaN	NaN	29
2016_04_04_9_41_AM	41002.3619707970	30547	11	1797140	30	15000	2	15000	99				0	Lab	LAB4.JPG	Nature	NAT4.JPG	0	30	100	0	0	0	NaN	NaN	30
2016_04_04_9_42_AM	41002.3626768096	30547	11	1858140	31	15000	2	15000	99				0	Nature	NAT6.JPG	Fruit	FRT4.JPG	0	31	100	0	0	0	NaN	NaN	31
2016_04_04_9_43_AM	41002.3633828338	30547	11	1919140	32	15000	2	15000	99				0	Nature	NAT3.JPG	Fruit	FRT3.JPG	0	32	100	0	0	0	NaN	NaN	32
2016_04_04_9_44_AM	41002.3640888348	30547	11	1980139	33	15000	2	15000	99				0	Nature	NAT2.JPG	Fruit	FRT6.JPG	0	33	100	0	0	0	NaN	NaN	33
2016_04_04_9_45_AM	41002.3647948590	30547	11	2041139	34	15000	2	15000	99				0	Nature	NAT4.JPG	Fruit	FRT2.JPG	0	34	100	0	0	0	NaN	NaN	34
2016_04_04_9_46_AM	41002.3655008716	30547	11	2102139	35	15000	2	15000	99				0	Nature	NAT5.JPG	Fruit	FRT1.JPG	0	35	100	0	0	0	NaN	NaN	35
2016_04_04_9_47_AM	41002.3662068958	30547	11	2163139	36	15000	2	15000	99				0	Nature	NAT1.JPG	Fruit	FRT5.JPG	0	36	100	0	0	0	NaN	NaN	36
Date	Time	Monkey	Panel	Sess Time	Trial	Trial Time	code (0 grid touch, 1 large pix touch, 2 failed trial)	Latency to grid touch	Grid Choice	Category	Picture	Switch?	Switch count	Left categ	Left picture	Right categ	Right picture	Correct Trials	Failed Trials	% Failed	% success	Correct Trials Left	Correct Trials Right	% left choice	% right choice	record number
2016_04_04_9_24_AM	41002.3506649094	29987	10	17772	1	13322	0	13322	0	Nature	NAT1.JPG		0	Nature	NAT1.JPG	Lab	LAB1.JPG	1	0	0	100	1	0	100	0	1
2016_04_04_9_25_AM	41002.3507666630	29987	10	26587	1	22137	1	22137	99				0					1	0	0	100	1	0	100	0	2
2016_04_04_9_25_AM	41002.3507995815	29987	10	29430	1	24980	1	24980	99				0					1	0	0	100	1	0	100	0	3
2016_04_04_9_26_AM	41002.3513900667	29987	10	80449	2	15000	2	15000	99				0	Nature	NAT6.JPG	Lab	LAB2.JPG	1	1	50	50	1	0	100	0	4
2016_04_04_9_27_AM	41002.3520960908	29987	10	141450	3	15000	2	15000	99				0	Nature	NAT4.JPG	Lab	LAB3.JPG	1	2	67	33	1	0	100	0	5
2016_04_04_9_28_AM	41002.3528021034	29987	10	202449	4	15000	2	15000	99				0	Nature	NAT2.JPG	Lab	LAB4.JPG	1	3	75	25	1	0	100	0	6
2016_04_04_9_29_AM	41002.3535081161	29987	10	263449	5	15000	2	15000	99				0	Nature	NAT3.JPG	Lab	LAB5.JPG	1	4	80	20	1	0	100	0	7
2016_04_04_9_29_AM	41002.3540973627	29987	10	314315	6	4866	0	4866	1	Lab	LAB6.JPG	1	1	Nature	NAT5.JPG	Lab	LAB6.JPG	2	4	67	33	1	1	50	50	8
2016_04_04_9_30_AM	41002.3541945442	29987	10	322756	6	13307	1	13307	99				1					2	4	67	33	1	1	50	50	9
2016_04_04_9_31_AM	41002.3549011124	29987	10	383785	7	13336	0	13336	1	Fruit	FRT5.JPG		1	Nature	NAT2.JPG	Fruit	FRT5.JPG	3	4	57	43	1	2	33	67	10
2016_04_04_9_31_AM	41002.3552561095	29987	10	414475	7	44026	1	44026	99				1					3	4	57	43	1	2	33	67	11
2016_04_04_9_32_AM	41002.3556261770	29987	10	446449	8	15000	2	15000	99				1	Nature	NAT4.JPG	Fruit	FRT3.JPG	3	5	62	38	1	2	33	67	12
2016_04_04_9_32_AM	41002.3562050874	29987	10	496449	9	4000	0	4000	1	Fruit	FRT1.JPG		1	Nature	NAT5.JPG	Fruit	FRT1.JPG	4	5	56	44	1	3	25	75	13
2016_04_04_9_33_AM	41002.3565414145	29987	10	525526	9	33077	1	33077	99				1					4	5	56	44	1	3	25	75	14
2016_04_04_9_34_AM	41002.3570382138	29987	10	568449	10	15000	2	15000	99				1	Nature	NAT3.JPG	Fruit	FRT2.JPG	4	6	60	40	1	3	25	75	15
2016_04_04_9_35_AM	41002.3577442264	29987	10	629449	11	15000	2	15000	99				1	Nature	NAT1.JPG	Fruit	FRT6.JPG	4	7	64	36	1	3	25	75	16
2016_04_04_9_36_AM	41002.3584502506	29987	10	690449	12	15000	2	15000	99				1	Nature	NAT6.JPG	Fruit	FRT4.JPG	4	8	67	33	1	3	25	75	17
2016_04_04_9_37_AM	41002.3592025621	29987	10	755449	13	15000	2	15000	99				1	Affiliative	AFF6.JPG	Lab	LAB2.JPG	4	9	69	31	1	3	25	75	18
2016_04_04_9_38_AM	41002.3599085863	29987	10	816449	14	15000	2	15000	99				1	Affiliative	AFF4.JPG	Lab	LAB1.JPG	4	10	71	29	1	3	25	75	19
2016_04_04_9_39_AM	41002.3606145989	29987	10	877449	15	15000	2	15000	99				1	Affiliative	AFF1.JPG	Lab	LAB3.JPG	4	11	73	27	1	3	25	75	20
2016_04_04_9_40_AM	41002.3613206231	29987	10	938449	16	15000	2	15000	99				1	Affiliative	AFF2.JPG	Lab	LAB6.JPG	4	12	75	25	1	3	25	75	21
2016_04_04_9_41_AM	41002.3620266357	29987	10	999449	17	15000	2	15000	99				1	Affiliative	AFF3.JPG	Lab	LAB4.JPG	4	13	76	24	1	3	25	75	22
2016_04_04_9_42_AM	41002.3627326599	29987	10	1060449	18	15000	2	15000	99				1	Affiliative	AFF5.JPG	Lab	LAB5.JPG	4	14	78	22	1	3	25	75	23
2016_04_04_9_43_AM	41002.3634386725	29987	10	1121449	19	15000	2	15000	99				1	Nature	NAT4.JPG	Affiliative	AFF5.JPG	4	15	79	21	1	3	25	75	24
2016_04_04_9_44_AM	41002.3641446967	29987	10	1182449	20	15000	2	15000	99				1	Nature	NAT1.JPG	Affiliative	AFF2.JPG	4	16	80	20	1	3	25	75	25
2016_04_04_9_45_AM	41002.3648507208	29987	10	1243450	21	15000	2	15000	99				1	Nature	NAT3.JPG	Affiliative	AFF6.JPG	4	17	81	19	1	3	25	75	26
2016_04_04_9_46_AM	41002.3655567450	29987	10	1304450	22	15000	2	15000	99				1	Nature	NAT5.JPG	Affiliative	AFF3.JPG	4	18	82	18	1	3	25	75	27
2016_04_04_9_47_AM	41002.3662627576	29987	10	1365450	23	15000	2	15000	99				1	Nature	NAT2.JPG	Affiliative	AFF1.JPG	4	19	83	17	1	3	25	75	28
2016_04_04_9_48_AM	41002.3669687818	29987	10	1426450	24	15000	2	15000	99				1	Nature	NAT6.JPG	Affiliative	AFF4.JPG	4	20	83	17	1	3	25	75	29
2016_04_04_9_49_AM	41002.3677210933	29987	10	1491450	25	15000	2	15000	99				1	Affiliative	AFF6.JPG	Fruit	FRT5.JPG	4	21	84	16	1	3	25	75	30
2016_04_04_9_50_AM	41002.3684271175	29987	10	1552450	26	15000	2	15000	99				1	Affiliative	AFF3.JPG	Fruit	FRT3.JPG	4	22	85	15	1	3	25	75	31
2016_04_04_9_51_AM	41002.3691331301	29987	10	1613450	27	15000	2	15000	99				1	Affiliative	AFF2.JPG	Fruit	FRT1.JPG	4	23	85	15	1	3	25	75	32
2016_04_04_9_52_AM	41002.3697518576	29987	10	1666864	28	7414	0	7414	1	Fruit	FRT2.JPG		1	Affiliative	AFF1.JPG	Fruit	FRT2.JPG	5	23	82	18	1	4	20	80	33
2016_04_04_9_52_AM	41002.3699144364	29987	10	1680954	28	21504	1	21504	99				1					5	23	82	18	1	4	20	80	34
2016_04_04_9_53_AM	41002.3705451669	29987	10	1735450	29	15000	2	15000	99				1	Affiliative	AFF4.JPG	Fruit	FRT6.JPG	5	24	83	17	1	4	20	80	35
2016_04_04_9_54_AM	41002.3712511911	29987	10	1796450	30	15000	2	15000	99				1	Affiliative	AFF5.JPG	Fruit	FRT4.JPG	5	25	83	17	1	4	20	80	36
2016_04_04_9_55_AM	41002.3719572037	29987	10	1857450	31	15000	2	15000	99				1	Lab	LAB6.JPG	Fruit	FRT5.JPG	5	26	84	16	1	4	20	80	37
2016_04_04_9_56_AM	41002.3726632279	29987	10	1918450	32	15000	2	15000	99				1	Lab	LAB2.JPG	Fruit	FRT4.JPG	5	27	84	16	1	4	20	80	38
2016_04_04_9_57_AM	41002.3733692289	29987	10	1979449	33	15000	2	15000	99				1	Lab	LAB1.JPG	Fruit	FRT3.JPG	5	28	85	15	1	4	20	80	39
2016_04_04_9_58_AM	41002.3740752531	29987	10	2040449	34	15000	2	15000	99				1	Lab	LAB3.JPG	Fruit	FRT1.JPG	5	29	85	15	1	4	20	80	40
2016_04_04_9_59_AM	41002.3747812657	29987	10	2101449	35	15000	2	15000	99				1	Lab	LAB4.JPG	Fruit	FRT2.JPG	5	30	86	14	1	4	20	80	41
2016_04_04_10_00_AM	41002.3754872899	29987	10	2162449	36	15000	2	15000	99				1	Lab	LAB5.JPG	Fruit	FRT6.JPG	5	31	86	14	1	4	20	80	42
Date	Time	Monkey	Panel	Sess Time	Trial	Trial Time	code (0 grid touch, 1 large pix touch, 2 failed trial)	Latency to grid touch	Grid Choice	Category	Picture	Switch?	Switch count	Left categ	Left picture	Right categ	Right picture	Correct Trials	Failed Trials	% Failed	% success	Correct Trials Left	Correct Trials Right	% left choice	% right choice	record number
2016_04_04_9_24_AM	41002.3501252425	30016	9	19676	1	15008	2	15008	99				0	Affiliative	AFF4.JPG	Fruit	FRT5.JPG	0	1	100	0	0	0	NaN	NaN	1
2016_04_04_9_25_AM	41002.3508085455	30016	9	78680	2	13013	0	13013	1	Fruit	FRT6.JPG		0	Affiliative	AFF1.JPG	Fruit	FRT6.JPG	1	1	50	50	0	1	0	100	2
2016_04_04_9_25_AM	41002.3508221458	30016	9	79888	2	14221	1	14221	99				0					1	1	50	50	0	1	0	100	3
2016_04_04_9_25_AM	41002.3508653080	30016	9	83618	2	17951	1	17951	99				0					1	1	50	50	0	1	0	100	4
2016_04_04_9_26_AM	41002.3513949679	30016	9	129346	3	2679	0	2679	0	Affiliative	AFF6.JPG	1	1	Affiliative	AFF6.JPG	Fruit	FRT1.JPG	2	1	33	67	1	1	50	50	5
2016_04_04_9_26_AM	41002.3514519851	30016	9	134307	3	7640	1	7640	99				1					2	1	33	67	1	1	50	50	6
2016_04_04_9_26_AM	41002.3514741275	30016	9	136219	3	9552	1	9552	99				1					2	1	33	67	1	1	50	50	7
2016_04_04_9_26_AM	41002.3517121851	30016	9	156789	3	30122	1	30122	99				1					2	1	33	67	1	1	50	50	8
2016_04_04_9_26_AM	41002.3517438999	30016	9	159529	3	32862	1	32862	99				1					2	1	33	67	1	1	50	50	9
2016_04_04_9_27_AM	41002.3522431877	30016	9	202667	4	15000	2	15000	99				1	Affiliative	AFF3.JPG	Fruit	FRT3.JPG	2	2	50	50	1	1	50	50	10
2016_04_04_9_28_AM	41002.3528323071	30016	9	253537	5	4870	0	4870	1	Fruit	FRT2.JPG	1	2	Affiliative	AFF2.JPG	Fruit	FRT2.JPG	3	2	40	60	1	2	33	67	11
2016_04_04_9_28_AM	41002.3530126299	30016	9	269146	5	20479	1	20479	99				2					3	2	40	60	1	2	33	67	12
2016_04_04_9_28_AM	41002.3532075716	30016	9	285989	5	37322	1	37322	99				2					3	2	40	60	1	2	33	67	13
2016_04_04_9_29_AM	41002.3535627192	30016	9	316648	6	6981	0	6981	0	Affiliative	AFF5.JPG	1	3	Affiliative	AFF5.JPG	Fruit	FRT4.JPG	4	2	33	67	2	2	50	50	14
2016_04_04_9_29_AM	41002.3536590210	30016	9	324994	6	15327	1	15327	99				3					4	2	33	67	2	2	50	50	15
2016_04_04_9_29_AM	41002.3536791379	30016	9	326732	6	17065	1	17065	99				3					4	2	33	67	2	2	50	50	16
2016_04_04_9_30_AM	41002.3543612371	30016	9	385667	7	15000	2	15000	99				3	Affiliative	AFF1.JPG	Nature	NAT6.JPG	4	3	43	57	2	2	50	50	17
2016_04_04_9_31_AM	41002.3550672613	30016	9	446667	8	15000	2	15000	99				3	Affiliative	AFF6.JPG	Nature	NAT4.JPG	4	4	50	50	2	2	50	50	18
2016_04_04_9_32_AM	41002.3556571098	30016	9	497586	9	4919	0	4919	1	Nature	NAT1.JPG	1	4	Affiliative	AFF5.JPG	Nature	NAT1.JPG	5	4	44	56	2	3	40	60	19
2016_04_04_9_32_AM	41002.3556985358	30016	9	501209	9	8542	1	8542	99				4					5	4	44	56	2	3	40	60	20
2016_04_04_9_32_AM	41002.3558684298	30016	9	515888	9	23221	1	23221	99				4					5	4	44	56	2	3	40	60	21
2016_04_04_9_33_AM	41002.3563724170	30016	9	559398	10	5731	0	5731	0	Affiliative	AFF3.JPG	1	5	Affiliative	AFF3.JPG	Nature	NAT3.JPG	6	4	40	60	3	3	50	50	22
2016_04_04_9_33_AM	41002.3567631106	30016	9	593189	10	39522	1	39522	99				5					6	4	40	60	3	3	50	50	23
2016_04_04_9_33_AM	41002.3568184378	30016	9	597968	10	44301	1	44301	99				5					6	4	40	60	3	3	50	50	24
2016_04_04_9_34_AM	41002.3571853107	30016	9	629667	11	15000	2	15000	99				5	Affiliative	AFF4.JPG	Nature	NAT2.JPG	6	5	45	55	3	3	50	50	25
2016_04_04_9_35_AM	41002.3578866239	30016	9	690228	12	14561	0	14561	1	Nature	NAT5.JPG	1	6	Affiliative	AFF2.JPG	Nature	NAT5.JPG	7	5	42	58	3	4	43	57	26
2016_04_04_9_36_AM	41002.3586436464	30016	9	755667	13	15000	2	15000	99				6	Nature	NAT1.JPG	Fruit	FRT4.JPG	7	6	46	54	3	4	43	57	27
2016_04_04_9_37_AM	41002.3593496706	30016	9	816667	14	15000	2	15000	99				6	Nature	NAT3.JPG	Fruit	FRT6.JPG	7	7	50	50	3	4	43	57	28
2016_04_04_9_38_AM	41002.3600556832	30016	9	877667	15	15000	2	15000	99				6	Nature	NAT2.JPG	Fruit	FRT5.JPG	7	8	53	47	3	4	43	57	29
2016_04_04_9_39_AM	41002.3607617074	30016	9	938667	16	15000	2	15000	99				6	Nature	NAT4.JPG	Fruit	FRT3.JPG	7	9	56	44	3	4	43	57	30
2016_04_04_9_40_AM	41002.3614677200	30016	9	999667	17	15000	2	15000	99				6	Nature	NAT6.JPG	Fruit	FRT1.JPG	7	10	59	41	3	4	43	57	31
2016_04_04_9_41_AM	41002.3621737557	30016	9	1060668	18	15000	2	15000	99				6	Nature	NAT5.JPG	Fruit	FRT2.JPG	7	11	61	39	3	4	43	57	32
2016_04_04_9_42_AM	41002.3628198806	30016	9	1116410	19	9743	0	9743	1	Lab	LAB3.JPG		6	Nature	NAT1.JPG	Lab	LAB3.JPG	8	11	58	42	3	5	38	62	33
2016_04_04_9_42_AM	41002.3628420347	30016	9	1118406	19	11739	1	11739	99				6					8	11	58	42	3	5	38	62	34
2016_04_04_9_42_AM	41002.3628771872	30016	9	1121444	19	14777	1	14777	99				6					8	11	58	42	3	5	38	62	35
2016_04_04_9_43_AM	41002.3634594543	30016	9	1171692	20	4024	0	4024	1	Lab	LAB1.JPG		6	Nature	NAT4.JPG	Lab	LAB1.JPG	9	11	55	45	3	6	33	67	36
2016_04_04_9_43_AM	41002.3635061236	30016	9	1175784	20	8116	1	8116	99				6					9	11	55	45	3	6	33	67	37
2016_04_04_9_43_AM	41002.3636550789	30016	9	1188655	20	20987	1	20987	99				6					9	11	55	45	3	6	33	67	38
2016_04_04_9_43_AM	41002.3638625097	30016	9	1206576	20	38908	1	38908	99				6					9	11	55	45	3	6	33	67	39
2016_04_04_9_44_AM	41002.3639044450	30016	9	1210199	20	42531	1	42531	99				6					9	11	55	45	3	6	33	67	40
2016_04_04_9_44_AM	41002.3641565659	30016	9	1231941	21	3273	0	3273	0	Nature	NAT2.JPG	1	7	Nature	NAT2.JPG	Lab	LAB6.JPG	10	11	52	48	4	6	40	60	41
2016_04_04_9_45_AM	41002.3645803517	30016	9	1268597	21	39929	1	39929	99				7					10	11	52	48	4	6	40	60	42
2016_04_04_9_45_AM	41002.3649978293	30016	9	1304668	22	15000	2	15000	99				7	Nature	NAT5.JPG	Lab	LAB2.JPG	10	12	55	45	4	6	40	60	43
2016_04_04_9_46_AM	41002.3657038419	30016	9	1365668	23	15000	2	15000	99				7	Nature	NAT3.JPG	Lab	LAB5.JPG	10	13	57	43	4	6	40	60	44
2016_04_04_9_47_AM	41002.3664098661	30016	9	1426668	24	15000	2	15000	99				7	Nature	NAT6.JPG	Lab	LAB4.JPG	10	14	58	42	4	6	40	60	45
2016_04_04_9_48_AM	41002.3670490809	30016	9	1481875	25	5208	0	5208	0	Fruit	FRT2.JPG		7	Fruit	FRT2.JPG	Lab	LAB1.JPG	11	14	56	44	5	6	45	55	46
2016_04_04_9_49_AM	41002.3678681902	30016	9	1552668	26	15000	2	15000	99				7	Fruit	FRT1.JPG	Lab	LAB2.JPG	11	15	58	42	5	6	45	55	47
2016_04_04_9_50_AM	41002.3685742144	30016	9	1613668	27	15000	2	15000	99				7	Fruit	FRT3.JPG	Lab	LAB4.JPG	11	16	59	41	5	6	45	55	48
2016_04_04_9_51_AM	41002.3692802386	30016	9	1674668	28	15000	2	15000	99				7	Fruit	FRT4.JPG	Lab	LAB5.JPG	11	17	61	39	5	6	45	55	49
2016_04_04_9_52_AM	41002.3699862512	30016	9	1735668	29	15000	2	15000	99				7	Fruit	FRT6.JPG	Lab	LAB6.JPG	11	18	62	38	5	6	45	55	50
2016_04_04_9_53_AM	41002.3706922754	30016	9	1796668	30	15000	2	15000	99				7	Fruit	FRT5.JPG	Lab	LAB3.JPG	11	19	63	37	5	6	45	55	51
2016_04_04_9_54_AM	41002.3713982880	30016	9	1857668	31	15000	2	15000	99				7	Lab	LAB6.JPG	Affiliative	AFF2.JPG	11	20	65	35	5	6	45	55	52
2016_04_04_9_55_AM	41002.3720365652	30016	9	1912750	32	9082	0	9082	0	Lab	LAB2.JPG		7	Lab	LAB2.JPG	Affiliative	AFF1.JPG	12	20	62	38	6	6	50	50	53
2016_04_04_9_55_AM	41002.3721363742	30016	9	1921438	32	17770	1	17770	99				7					12	20	62	38	6	6	50	50	54
2016_04_04_9_55_AM	41002.3721727073	30016	9	1924577	32	20909	1	20909	99				7					12	20	62	38	6	6	50	50	55
2016_04_04_9_56_AM	41002.3728103247	30016	9	1979668	33	15000	2	15000	99				7	Lab	LAB3.JPG	Affiliative	AFF4.JPG	12	21	64	36	6	6	50	50	56
2016_04_04_9_57_AM	41002.3735163489	30016	9	2040668	34	15000	2	15000	99				7	Lab	LAB5.JPG	Affiliative	AFF5.JPG	12	22	65	35	6	6	50	50	57
2016_04_04_9_58_AM	41002.3742223615	30016	9	2101668	35	15000	2	15000	99				7	Lab	LAB1.JPG	Affiliative	AFF3.JPG	12	23	66	34	6	6	50	50	58
2016_04_04_9_59_AM	41002.3749283857	30016	9	2162668	36	15000	2	15000	99				7	Lab	LAB4.JPG	Affiliative	AFF6.JPG	12	24	67	33	6	6	50	50	59
Date	Time	Monkey	Panel	Sess Time	Trial	Trial Time	code (0 grid touch, 1 large pix touch, 2 failed trial)	Latency to grid touch	Grid Choice	Category	Picture	Switch?	Switch count	Left categ	Left picture	Right categ	Right picture	Correct Trials	Failed Trials	% Failed	% success	Correct Trials Left	Correct Trials Right	% left choice	% right choice	record number
2016_04_04_9_11_AM	41002.3412093077	30492	8	19884	1	15000	2	15000	99				0	Nature	NAT4.JPG	Affiliative	AFF1.JPG	0	1	100	0	0	0	NaN	NaN	1
2016_04_04_9_12_AM	41002.3419153203	30492	8	80883	2	15000	2	15000	99				0	Nature	NAT5.JPG	Affiliative	AFF5.JPG	0	2	100	0	0	0	NaN	NaN	2
2016_04_04_9_13_AM	41002.3424849826	30492	8	130081	3	3198	0	3198	1	Affiliative	AFF2.JPG		0	Nature	NAT6.JPG	Affiliative	AFF2.JPG	1	2	67	33	0	1	0	100	3
2016_04_04_9_13_AM	41002.3426082072	30492	8	140748	3	13865	1	13865	99				0					1	2	67	33	0	1	0	100	4
2016_04_04_9_13_AM	41002.3427370456	30492	8	151880	3	24997	1	24997	99				0					1	2	67	33	0	1	0	100	5
2016_04_04_9_13_AM	41002.3427668853	30492	8	154458	3	27575	1	27575	99				0					1	2	67	33	0	1	0	100	6
2016_04_04_9_13_AM	41002.3428163441	30492	8	158731	3	31848	1	31848	99				0					1	2	67	33	0	1	0	100	7
2016_04_04_9_13_AM	41002.3428214833	30492	8	159175	3	32292	1	32292	99				0					1	2	67	33	0	1	0	100	8
2016_04_04_9_13_AM	41002.3428627819	30492	8	162743	3	35860	1	35860	99				0					1	2	67	33	0	1	0	100	9
2016_04_04_9_13_AM	41002.3429358995	30492	8	169060	3	42177	1	42177	99				0					1	2	67	33	0	1	0	100	10
2016_04_04_9_13_AM	41002.3429560512	30492	8	170801	3	43918	1	43918	99				0					1	2	67	33	0	1	0	100	11
2016_04_04_9_14_AM	41002.3432262518	30492	8	194128	4	6245	0	6245	1	Affiliative	AFF6.JPG		0	Nature	NAT2.JPG	Affiliative	AFF6.JPG	2	2	50	50	0	2	0	100	12
2016_04_04_9_14_AM	41002.3434839749	30492	8	216414	4	28531	1	28531	99				0					2	2	50	50	0	2	0	100	13
2016_04_04_9_14_AM	41002.3435405290	30492	8	221301	4	33418	1	33418	99				0					2	2	50	50	0	2	0	100	14
2016_04_04_9_14_AM	41002.3435663639	30492	8	223533	4	35650	1	35650	99				0					2	2	50	50	0	2	0	100	15
2016_04_04_9_14_AM	41002.3435711905	30492	8	223950	4	36067	1	36067	99				0					2	2	50	50	0	2	0	100	16
2016_04_04_9_15_AM	41002.3439718847	30492	8	258546	5	9663	0	9663	0	Nature	NAT1.JPG	1	1	Nature	NAT1.JPG	Affiliative	AFF3.JPG	3	2	40	60	1	2	33	67	17
2016_04_04_9_15_AM	41002.3440491808	30492	8	265248	5	16365	1	16365	99				1					3	2	40	60	1	2	33	67	18
2016_04_04_9_15_AM	41002.3441080962	30492	8	270339	5	21456	1	21456	99				1					3	2	40	60	1	2	33	67	19
2016_04_04_9_15_AM	41002.3441869896	30492	8	277155	5	28272	1	28272	99				1					3	2	40	60	1	2	33	67	20
2016_04_04_9_15_AM	41002.3443399613	30492	8	290371	5	41488	1	41488	99				1					3	2	40	60	1	2	33	67	21
2016_04_04_9_16_AM	41002.3447218582	30492	8	323347	6	13464	0	13464	0	Nature	NAT3.JPG		1	Nature	NAT3.JPG	Affiliative	AFF4.JPG	4	2	33	67	2	2	50	50	22
2016_04_04_9_16_AM	41002.3447432946	30492	8	325219	6	15336	1	15336	99				1					4	2	33	67	2	2	50	50	23
2016_04_04_9_16_AM	41002.3448241904	30492	8	332209	6	22326	1	22326	99				1					4	2	33	67	2	2	50	50	24
2016_04_04_9_16_AM	41002.3448646673	30492	8	335707	6	25824	1	25824	99				1					4	2	33	67	2	2	50	50	25
2016_04_04_9_16_AM	41002.3449193116	30492	8	340428	6	30545	1	30545	99				1					4	2	33	67	2	2	50	50	26
2016_04_04_9_16_AM	41002.3449352153	30492	8	341802	6	31919	1	31919	99				1					4	2	33	67	2	2	50	50	27
2016_04_04_9_16_AM	41002.3449556679	30492	8	343568	6	33685	1	33685	99				1					4	2	33	67	2	2	50	50	28
2016_04_04_9_16_AM	41002.3449734814	30492	8	345106	6	35223	1	35223	99				1					4	2	33	67	2	2	50	50	29
2016_04_04_9_16_AM	41002.3450143286	30492	8	348637	6	38754	1	38754	99				1					4	2	33	67	2	2	50	50	30
2016_04_04_9_16_AM	41002.3450429645	30492	8	351111	6	41228	1	41228	99				1					4	2	33	67	2	2	50	50	31
2016_04_04_9_17_AM	41002.3454454065	30492	8	385883	7	15000	2	15000	99				1	Fruit	FRT3.JPG	Lab	LAB4.JPG	4	3	43	57	2	2	50	50	32
2016_04_04_9_18_AM	41002.3461514307	30492	8	446883	8	15000	2	15000	99				1	Fruit	FRT6.JPG	Lab	LAB6.JPG	4	4	50	50	2	2	50	50	33
2016_04_04_9_19_AM	41002.3468574433	30492	8	507883	9	15000	2	15000	99				1	Fruit	FRT2.JPG	Lab	LAB3.JPG	4	5	56	44	2	2	50	50	34
2016_04_04_9_20_AM	41002.3474658809	30492	8	560407	10	6524	0	6524	1	Lab	LAB5.JPG	1	2	Fruit	FRT4.JPG	Lab	LAB5.JPG	5	5	50	50	2	3	40	60	35
2016_04_04_9_20_AM	41002.3475099343	30492	8	564257	10	10374	1	10374	99				2					5	5	50	50	2	3	40	60	36
2016_04_04_9_20_AM	41002.3475353987	30492	8	566457	10	12574	1	12574	99				2					5	5	50	50	2	3	40	60	37
2016_04_04_9_20_AM	41002.3475393920	30492	8	566802	10	12919	1	12919	99				2					5	5	50	50	2	3	40	60	38
2016_04_04_9_20_AM	41002.3475498093	30492	8	567703	10	13820	1	13820	99				2					5	5	50	50	2	3	40	60	39
2016_04_04_9_20_AM	41002.3475627614	30492	8	568822	10	14939	1	14939	99				2					5	5	50	50	2	3	40	60	40
2016_04_04_9_20_AM	41002.3475891171	30492	8	571099	10	17216	1	17216	99				2					5	5	50	50	2	3	40	60	41
2016_04_04_9_20_AM	41002.3478281354	30492	8	591751	10	37868	1	37868	99				2					5	5	50	50	2	3	40	60	42
2016_04_04_9_20_AM	41002.3478547689	30492	8	594051	10	40168	1	40168	99				2					5	5	50	50	2	3	40	60	43
2016_04_04_9_21_AM	41002.3481315671	30492	8	617948	11	3065	0	3065	0	Fruit	FRT5.JPG	1	3	Fruit	FRT5.JPG	Lab	LAB1.JPG	6	5	45	55	3	3	50	50	44
2016_04_04_9_21_AM	41002.3481602956	30492	8	620449	11	5566	1	5566	99				3					6	5	45	55	3	3	50	50	45
2016_04_04_9_21_AM	41002.3481907372	30492	8	623078	11	8195	1	8195	99				3					6	5	45	55	3	3	50	50	46
2016_04_04_9_21_AM	41002.3482979887	30492	8	632345	11	17462	1	17462	99				3					6	5	45	55	3	3	50	50	47
2016_04_04_9_21_AM	41002.3483391021	30492	8	635897	11	21014	1	21014	99				3					6	5	45	55	3	3	50	50	48
2016_04_04_9_21_AM	41002.3484066060	30492	8	641729	11	26846	1	26846	99				3					6	5	45	55	3	3	50	50	49
2016_04_04_9_21_AM	41002.3485631080	30492	8	655251	11	40368	1	40368	99				3					6	5	45	55	3	3	50	50	50
2016_04_04_9_21_AM	41002.3485781436	30492	8	656550	11	41667	1	41667	99				3					6	5	45	55	3	3	50	50	51
2016_04_04_9_22_AM	41002.3489755043	30492	8	690883	12	15000	2	15000	99				3	Fruit	FRT1.JPG	Lab	LAB2.JPG	6	6	50	50	3	3	50	50	52
2016_04_04_9_23_AM	41002.3497278274	30492	8	755884	13	15000	2	15000	99				3	Fruit	FRT2.JPG	Affiliative	AFF6.JPG	6	7	54	46	3	3	50	50	53
2016_04_04_9_24_AM	41002.3504338400	30492	8	816883	14	15000	2	15000	99				3	Fruit	FRT1.JPG	Affiliative	AFF5.JPG	6	8	57	43	3	3	50	50	54
2016_04_04_9_25_AM	41002.3510259109	30492	8	868019	15	5135	0	5135	0	Fruit	FRT6.JPG		3	Fruit	FRT6.JPG	Affiliative	AFF3.JPG	7	8	53	47	4	3	57	43	55
2016_04_04_9_25_AM	41002.3510784486	30492	8	872577	15	9693	1	9693	99				3					7	8	53	47	4	3	57	43	56
2016_04_04_9_25_AM	41002.3510939588	30492	8	873917	15	11033	1	11033	99				3					7	8	53	47	4	3	57	43	57
2016_04_04_9_25_AM	41002.3510988086	30492	8	874337	15	11453	1	11453	99				3					7	8	53	47	4	3	57	43	58
2016_04_04_9_25_AM	41002.3511297363	30492	8	877008	15	14124	1	14124	99				3					7	8	53	47	4	3	57	43	59
2016_04_04_9_25_AM	41002.3512524401	30492	8	887610	15	24726	1	24726	99				3					7	8	53	47	4	3	57	43	60
2016_04_04_9_26_AM	41002.3513861398	30492	8	899162	15	36278	1	36278	99				3					7	8	53	47	4	3	57	43	61
2016_04_04_9_26_AM	41002.3513924828	30492	8	899710	15	36826	1	36826	99				3					7	8	53	47	4	3	57	43	62
2016_04_04_9_26_AM	41002.3514146137	30492	8	901621	15	38737	1	38737	99				3					7	8	53	47	4	3	57	43	63
2016_04_04_9_26_AM	41002.3514853469	30492	8	907734	15	44850	1	44850	99				3					7	8	53	47	4	3	57	43	64
2016_04_04_9_26_AM	41002.3518458883	30492	8	938884	16	15000	2	15000	99				3	Fruit	FRT4.JPG	Affiliative	AFF2.JPG	7	9	56	44	4	3	57	43	65
2016_04_04_9_27_AM	41002.3525519009	30492	8	999884	17	15000	2	15000	99				3	Fruit	FRT5.JPG	Affiliative	AFF4.JPG	7	10	59	41	4	3	57	43	66
2016_04_04_9_28_AM	41002.3532579251	30492	8	1060884	18	15000	2	15000	99				3	Fruit	FRT3.JPG	Affiliative	AFF1.JPG	7	11	61	39	4	3	57	43	67
2016_04_04_9_29_AM	41002.3539639377	30492	8	1121884	19	15000	2	15000	99				3	Lab	LAB4.JPG	Affiliative	AFF6.JPG	7	12	63	37	4	3	57	43	68
2016_04_04_9_30_AM	41002.3546699503	30492	8	1182883	20	15000	2	15000	99				3	Lab	LAB1.JPG	Affiliative	AFF1.JPG	7	13	65	35	4	3	57	43	69
2016_04_04_9_31_AM	41002.3553728146	30492	8	1243564	21	14681	0	14681	0	Lab	LAB5.JPG		3	Lab	LAB5.JPG	Affiliative	AFF5.JPG	8	13	62	38	5	3	62	38	70
2016_04_04_9_31_AM	41002.3553826763	30492	8	1244463	21	15580	1	15580	99				3					8	13	62	38	5	3	62	38	71
2016_04_04_9_31_AM	41002.3555068963	30492	8	1255193	21	26310	1	26310	99				3					8	13	62	38	5	3	62	38	72
2016_04_04_9_31_AM	41002.3555188183	30492	8	1256226	21	27343	1	27343	99				3					8	13	62	38	5	3	62	38	73
2016_04_04_9_32_AM	41002.3555755693	30492	8	1261127	21	32244	1	32244	99				3					8	13	62	38	5	3	62	38	74
2016_04_04_9_32_AM	41002.3556105250	30492	8	1264147	21	35264	1	35264	99				3					8	13	62	38	5	3	62	38	75
2016_04_04_9_32_AM	41002.3556643012	30492	8	1268794	21	39911	1	39911	99				3					8	13	62	38	5	3	62	38	76
2016_04_04_9_32_AM	41002.3560819871	30492	8	1304883	22	15000	2	15000	99				3	Lab	LAB2.JPG	Affiliative	AFF3.JPG	8	14	64	36	5	3	62	38	77
2016_04_04_9_33_AM	41002.3567879997	30492	8	1365883	23	15000	2	15000	99				3	Lab	LAB6.JPG	Affiliative	AFF4.JPG	8	15	65	35	5	3	62	38	78
2016_04_04_9_34_AM	41002.3574940355	30492	8	1426884	24	15000	2	15000	99				3	Lab	LAB3.JPG	Affiliative	AFF2.JPG	8	16	67	33	5	3	62	38	79
2016_04_04_9_35_AM	41002.3582463470	30492	8	1491884	25	15000	2	15000	99				3	Nature	NAT4.JPG	Fruit	FRT4.JPG	8	17	68	32	5	3	62	38	80
2016_04_04_9_36_AM	41002.3588051869	30492	8	1540148	26	2265	0	2265	1	Fruit	FRT5.JPG	1	4	Nature	NAT5.JPG	Fruit	FRT5.JPG	9	17	65	35	5	4	56	44	81
2016_04_04_9_36_AM	41002.3589378218	30492	8	1551626	26	13743	1	13743	99				4					9	17	65	35	5	4	56	44	82
2016_04_04_9_37_AM	41002.3591050883	30492	8	1566078	26	28195	1	28195	99				4					9	17	65	35	5	4	56	44	83
2016_04_04_9_37_AM	41002.3592793459	30492	8	1581133	26	43250	1	43250	99				4					9	17	65	35	5	4	56	44	84
2016_04_04_9_37_AM	41002.3592843694	30492	8	1581568	26	43685	1	43685	99				4					9	17	65	35	5	4	56	44	85
2016_04_04_9_37_AM	41002.3595430184	30492	8	1603894	27	5010	0	5010	0	Nature	NAT3.JPG	1	5	Nature	NAT3.JPG	Fruit	FRT3.JPG	10	17	63	37	6	4	60	40	86
2016_04_04_9_38_AM	41002.3603643964	30492	8	1674884	28	15000	2	15000	99				5	Nature	NAT6.JPG	Fruit	FRT2.JPG	10	18	64	36	6	4	60	40	87
2016_04_04_9_39_AM	41002.3610704206	30492	8	1735884	29	15000	2	15000	99				5	Nature	NAT1.JPG	Fruit	FRT1.JPG	10	19	66	34	6	4	60	40	88
2016_04_04_9_40_AM	41002.3616283692	30492	8	1784050	30	2166	0	2166	0	Nature	NAT2.JPG		5	Nature	NAT2.JPG	Fruit	FRT6.JPG	11	19	63	37	7	4	64	36	89
2016_04_04_9_40_AM	41002.3616624915	30492	8	1787038	30	5154	1	5154	99				5					11	19	63	37	7	4	64	36	90
2016_04_04_9_40_AM	41002.3616670982	30492	8	1787435	30	5551	1	5551	99				5					11	19	63	37	7	4	64	36	91
2016_04_04_9_40_AM	41002.3617554482	30492	8	1795070	30	13186	1	13186	99				5					11	19	63	37	7	4	64	36	92
2016_04_04_9_41_AM	41002.3618849232	30492	8	1806256	30	24372	1	24372	99				5					11	19	63	37	7	4	64	36	93
2016_04_04_9_41_AM	41002.3618946344	30492	8	1807095	30	25211	1	25211	99				5					11	19	63	37	7	4	64	36	94
2016_04_04_9_41_AM	41002.3619079222	30492	8	1808243	30	26359	1	26359	99				5					11	19	63	37	7	4	64	36	95
2016_04_04_9_41_AM	41002.3619184089	30492	8	1809149	30	27265	1	27265	99				5					11	19	63	37	7	4	64	36	96
2016_04_04_9_41_AM	41002.3620969261	30492	8	1824572	30	42688	1	42688	99				5					11	19	63	37	7	4	64	36	97
2016_04_04_9_41_AM	41002.3621077600	30492	8	1825509	30	43625	1	43625	99				5					11	19	63	37	7	4	64	36	98
2016_04_04_9_41_AM	41002.3624824574	30492	8	1857884	31	15000	2	15000	99				5	Lab	LAB2.JPG	Nature	NAT6.JPG	11	20	65	35	7	4	64	36	99
2016_04_04_9_42_AM	41002.3631884700	30492	8	1918883	32	15000	2	15000	99				5	Lab	LAB1.JPG	Nature	NAT1.JPG	11	21	66	34	7	4	64	36	100
2016_04_04_9_44_AM	41002.3638944826	30492	8	1979883	33	15000	2	15000	99				5	Lab	LAB3.JPG	Nature	NAT2.JPG	11	22	67	33	7	4	64	36	101
2016_04_04_9_45_AM	41002.3646005067	30492	8	2040883	34	15000	2	15000	99				5	Lab	LAB5.JPG	Nature	NAT3.JPG	11	23	68	32	7	4	64	36	102
2016_04_04_9_46_AM	41002.3653065194	30492	8	2101883	35	15000	2	15000	99				5	Lab	LAB4.JPG	Nature	NAT4.JPG	11	24	69	31	7	4	64	36	103
2016_04_04_9_47_AM	41002.3660125435	30492	8	2162883	36	15000	2	15000	99				5	Lab	LAB6.JPG	Nature	NAT5.JPG	11	25	69	31	7	4	64	36	104
Date	Time	Monkey	Panel	Sess Time	Trial	Trial Time	code (0 grid touch, 1 large pix touch, 2 failed trial)	Latency to grid touch	Grid Choice	Category	Picture	Switch?	Switch count	Left categ	Left picture	Right categ	Right picture	Correct Trials	Failed Trials	% Failed	% success	Correct Trials Left	Correct Trials Right	% left choice	% right choice	record number
2016_04_04_9_16_AM	41002.3448204652	30423	7	19583	1	15000	2	15000	99				0	Lab	LAB3.JPG	Fruit	FRT3.JPG	0	1	100	0	0	0	NaN	NaN	1
2016_04_04_9_17_AM	41002.3453872801	30423	7	68537	2	2954	0	2954	1	Fruit	FRT2.JPG		0	Lab	LAB4.JPG	Fruit	FRT2.JPG	1	1	50	50	0	1	0	100	2
2016_04_04_9_17_AM	41002.3456308472	30423	7	89599	2	24016	1	24016	99				0					1	1	50	50	0	1	0	100	3
2016_04_04_9_18_AM	41002.3462324904	30423	7	141582	3	15000	2	15000	99				0	Lab	LAB6.JPG	Fruit	FRT5.JPG	1	2	67	33	0	1	0	100	4
2016_04_04_9_19_AM	41002.3469385146	30423	7	202582	4	15000	2	15000	99				0	Lab	LAB1.JPG	Fruit	FRT4.JPG	1	3	75	25	0	1	0	100	5
2016_04_04_9_20_AM	41002.3476445272	30423	7	263582	5	15000	2	15000	99				0	Lab	LAB2.JPG	Fruit	FRT1.JPG	1	4	80	20	0	1	0	100	6
2016_04_04_9_21_AM	41002.3483505514	30423	7	324582	6	15000	2	15000	99				0	Lab	LAB5.JPG	Fruit	FRT6.JPG	1	5	83	17	0	1	0	100	7
2016_04_04_9_22_AM	41002.3490565640	30423	7	385582	7	15000	2	15000	99				0	Lab	LAB6.JPG	Nature	NAT4.JPG	1	6	86	14	0	1	0	100	8
2016_04_04_9_23_AM	41002.3497625882	30423	7	446582	8	15000	2	15000	99				0	Lab	LAB5.JPG	Nature	NAT3.JPG	1	7	88	12	0	1	0	100	9
2016_04_04_9_24_AM	41002.3504686008	30423	7	507582	9	15000	2	15000	99				0	Lab	LAB4.JPG	Nature	NAT6.JPG	1	8	89	11	0	1	0	100	10
2016_04_04_9_25_AM	41002.3511746250	30423	7	568582	10	15000	2	15000	99				0	Lab	LAB2.JPG	Nature	NAT2.JPG	1	9	90	10	0	1	0	100	11
2016_04_04_9_26_AM	41002.3518806376	30423	7	629582	11	15000	2	15000	99				0	Lab	LAB3.JPG	Nature	NAT5.JPG	1	10	91	9	0	1	0	100	12
2016_04_04_9_27_AM	41002.3525866617	30423	7	690582	12	15000	2	15000	99				0	Lab	LAB1.JPG	Nature	NAT1.JPG	1	11	92	8	0	1	0	100	13
2016_04_04_9_28_AM	41002.3533389849	30423	7	755583	13	15000	2	15000	99				0	Nature	NAT3.JPG	Affiliative	AFF3.JPG	1	12	92	8	0	1	0	100	14
2016_04_04_9_29_AM	41002.3540449975	30423	7	816582	14	15000	2	15000	99				0	Nature	NAT1.JPG	Affiliative	AFF4.JPG	1	13	93	7	0	1	0	100	15
2016_04_04_9_30_AM	41002.3547510216	30423	7	877583	15	15000	2	15000	99				0	Nature	NAT2.JPG	Affiliative	AFF1.JPG	1	14	93	7	0	1	0	100	16
2016_04_04_9_31_AM	41002.3554570458	30423	7	938583	16	15000	2	15000	99				0	Nature	NAT6.JPG	Affiliative	AFF6.JPG	1	15	94	6	0	1	0	100	17
2016_04_04_9_32_AM	41002.3561630584	30423	7	999583	17	15000	2	15000	99				0	Nature	NAT5.JPG	Affiliative	AFF5.JPG	1	16	94	6	0	1	0	100	18
2016_04_04_9_33_AM	41002.3568097274	30423	7	1055418	18	9835	0	9835	0	Nature	NAT4.JPG	1	1	Nature	NAT4.JPG	Affiliative	AFF2.JPG	2	16	89	11	1	1	50	50	19
2016_04_04_9_33_AM	41002.3568359557	30423	7	1057719	18	12136	1	12136	99				1					2	16	89	11	1	1	50	50	20
2016_04_04_9_33_AM	41002.3569096868	30423	7	1064091	18	18508	1	18508	99				1					2	16	89	11	1	1	50	50	21
2016_04_04_9_34_AM	41002.3575750952	30423	7	1121583	19	15000	2	15000	99				1	Affiliative	AFF6.JPG	Lab	LAB3.JPG	2	17	89	11	1	1	50	50	22
2016_04_04_9_35_AM	41002.3582811078	30423	7	1182582	20	15000	2	15000	99				1	Affiliative	AFF1.JPG	Lab	LAB5.JPG	2	18	90	10	1	1	50	50	23
2016_04_04_9_36_AM	41002.3589871204	30423	7	1243582	21	15000	2	15000	99				1	Affiliative	AFF3.JPG	Lab	LAB6.JPG	2	19	90	10	1	1	50	50	24
2016_04_04_9_37_AM	41002.3596931446	30423	7	1304582	22	15000	2	15000	99				1	Affiliative	AFF5.JPG	Lab	LAB4.JPG	2	20	91	9	1	1	50	50	25
2016_04_04_9_38_AM	41002.3603991572	30423	7	1365582	23	15000	2	15000	99				1	Affiliative	AFF4.JPG	Lab	LAB2.JPG	2	21	91	9	1	1	50	50	26
2016_04_04_9_39_AM	41002.3611051814	30423	7	1426582	24	15000	2	15000	99				1	Affiliative	AFF2.JPG	Lab	LAB1.JPG	2	22	92	8	1	1	50	50	27
2016_04_04_9_41_AM	41002.3618575045	30423	7	1491583	25	15000	2	15000	99				1	Fruit	FRT2.JPG	Affiliative	AFF4.JPG	2	23	92	8	1	1	50	50	28
2016_04_04_9_42_AM	41002.3625635055	30423	7	1552582	26	15000	2	15000	99				1	Fruit	FRT3.JPG	Affiliative	AFF6.JPG	2	24	92	8	1	1	50	50	29
2016_04_04_9_43_AM	41002.3632695413	30423	7	1613583	27	15000	2	15000	99				1	Fruit	FRT6.JPG	Affiliative	AFF3.JPG	2	25	93	7	1	1	50	50	30
2016_04_04_9_44_AM	41002.3639755655	30423	7	1674583	28	15000	2	15000	99				1	Fruit	FRT5.JPG	Affiliative	AFF2.JPG	2	26	93	7	1	1	50	50	31
2016_04_04_9_45_AM	41002.3646815781	30423	7	1735583	29	15000	2	15000	99				1	Fruit	FRT1.JPG	Affiliative	AFF1.JPG	2	27	93	7	1	1	50	50	32
2016_04_04_9_46_AM	41002.3653615822	30423	7	1794287	30	12704	0	12704	1	Affiliative	AFF5.JPG	1	2	Fruit	FRT4.JPG	Affiliative	AFF5.JPG	3	27	90	10	1	2	33	67	33
2016_04_04_9_46_AM	41002.3654322807	30423	7	1800442	30	18859	1	18859	99				2					3	27	90	10	1	2	33	67	34
2016_04_04_9_46_AM	41002.3655713975	30423	7	1812462	30	30879	1	30879	99				2					3	27	90	10	1	2	33	67	35
2016_04_04_9_47_AM	41002.3660936149	30423	7	1857583	31	15000	2	15000	99				2	Fruit	FRT1.JPG	Nature	NAT3.JPG	3	28	90	10	1	2	33	67	36
2016_04_04_9_48_AM	41002.3667996390	30423	7	1918583	32	15000	2	15000	99				2	Fruit	FRT3.JPG	Nature	NAT1.JPG	3	29	91	9	1	2	33	67	37
2016_04_04_9_49_AM	41002.3675056516	30423	7	1979583	33	15000	2	15000	99				2	Fruit	FRT2.JPG	Nature	NAT5.JPG	3	30	91	9	1	2	33	67	38
2016_04_04_9_50_AM	41002.3682116758	30423	7	2040583	34	15000	2	15000	99				2	Fruit	FRT5.JPG	Nature	NAT4.JPG	3	31	91	9	1	2	33	67	39
2016_04_04_9_51_AM	41002.3689176884	30423	7	2101583	35	15000	2	15000	99				2	Fruit	FRT4.JPG	Nature	NAT2.JPG	3	32	91	9	1	2	33	67	40
2016_04_04_9_52_AM	41002.3696237126	30423	7	2162583	36	15000	2	15000	99				2	Fruit	FRT6.JPG	Nature	NAT6.JPG	3	33	92	8	1	2	33	67	41
Date	Time	Monkey	Panel	Sess Time	Trial	Trial Time	code (0 grid touch, 1 large pix touch, 2 failed trial)	Latency to grid touch	Grid Choice	Category	Picture	Switch?	Switch count	Left categ	Left picture	Right categ	Right picture	Correct Trials	Failed Trials	% Failed	% success	Correct Trials Left	Correct Trials Right	% left choice	% right choice	record number
2016_04_04_9_23_AM	41002.3494191586	30557
30557	6	20103	1	15000	2	15000	99				0	Fruit	FRT5.JPG	Lab	LAB1.JPG	0	1	100	0	0	0	NaN	NaN	1
2016_04_04_9_24_AM	41002.3501251712	30557
30557	6	81102	2	15000	2	15000	99				0	Fruit	FRT4.JPG	Lab	LAB3.JPG	0	2	100	0	0	0	NaN	NaN	2
2016_04_04_9_24_AM	41002.3506835481	30557
30557	6	129328	3	2226	0	2226	0	Fruit	FRT2.JPG		0	Fruit	FRT2.JPG	Lab	LAB4.JPG	1	2	67	33	1	0	100	0	3
2016_04_04_9_24_AM	41002.3506881664	30557
30557	6	129744	3	2642	1	2642	99				0					1	2	67	33	1	0	100	0	4
2016_04_04_9_25_AM	41002.3506962919	30557
30557	6	130447	3	3345	1	3345	99				0					1	2	67	33	1	0	100	0	5
2016_04_04_9_25_AM	41002.3507119641	30557
30557	6	131800	3	4698	1	4698	99				0					1	2	67	33	1	0	100	0	6
2016_04_04_9_25_AM	41002.3507938553	30557
30557	6	138876	3	11774	1	11774	99				0					1	2	67	33	1	0	100	0	7
2016_04_04_9_25_AM	41002.3508005918	30557
30557	6	139458	3	12356	1	12356	99				0					1	2	67	33	1	0	100	0	8
2016_04_04_9_25_AM	41002.3508141343	30557
30557	6	140629	3	13527	1	13527	99				0					1	2	67	33	1	0	100	0	9
2016_04_04_9_25_AM	41002.3508246094	30557
30557	6	141533	3	14431	1	14431	99				0					1	2	67	33	1	0	100	0	10
2016_04_04_9_25_AM	41002.3508532684	30557
30557	6	144010	3	16908	1	16908	99				0					1	2	67	33	1	0	100	0	11
2016_04_04_9_25_AM	41002.3509111537	30557
30557	6	149010	3	21908	1	21908	99				0					1	2	67	33	1	0	100	0	12
2016_04_04_9_25_AM	41002.3509140937	30557
30557	6	149264	3	22162	1	22162	99				0					1	2	67	33	1	0	100	0	13
2016_04_04_9_25_AM	41002.3511069404	30557
30557	6	165926	3	38824	1	38824	99				0					1	2	67	33	1	0	100	0	14
2016_04_04_9_25_AM	41002.3511144755	30557
30557	6	166578	3	39476	1	39476	99				0					1	2	67	33	1	0	100	0	15
2016_04_04_9_25_AM	41002.3511197073	30557
30557	6	167030	3	39928	1	39928	99				0					1	2	67	33	1	0	100	0	16
2016_04_04_9_25_AM	41002.3511218023	30557
30557	6	167211	3	40109	1	40109	99				0					1	2	67	33	1	0	100	0	17
2016_04_04_9_25_AM	41002.3511540958	30557
30557	6	170000	3	42898	1	42898	99				0					1	2	67	33	1	0	100	0	18
2016_04_04_9_26_AM	41002.3514064019	30557
30557	6	191781	4	3679	0	3679	0	Fruit	FRT1.JPG		0	Fruit	FRT1.JPG	Lab	LAB6.JPG	2	2	50	50	2	0	100	0	19
2016_04_04_9_26_AM	41002.3517620010	30557
30557	6	222523	4	34421	1	34421	99				0					2	2	50	50	2	0	100	0	20
2016_04_04_9_27_AM	41002.3521049720	30557
30557	6	252138	5	3036	0	3036	0	Fruit	FRT6.JPG		0	Fruit	FRT6.JPG	Lab	LAB5.JPG	3	2	40	60	3	0	100	0	21
2016_04_04_9_27_AM	41002.3521202391	30557
30557	6	253476	5	4374	1	4374	99				0					3	2	40	60	3	0	100	0	22
2016_04_04_9_27_AM	41002.3521338741	30557
30557	6	254652	5	5550	1	5550	99				0					3	2	40	60	3	0	100	0	23
2016_04_04_9_27_AM	41002.3521437936	30557
30557	6	255510	5	6408	1	6408	99				0					3	2	40	60	3	0	100	0	24
2016_04_04_9_27_AM	41002.3521503334	30557
30557	6	256075	5	6973	1	6973	99				0					3	2	40	60	3	0	100	0	25
2016_04_04_9_27_AM	41002.3521729736	30557
30557	6	258031	5	8929	1	8929	99				0					3	2	40	60	3	0	100	0	26
2016_04_04_9_27_AM	41002.3521771983	30557
30557	6	258396	5	9294	1	9294	99				0					3	2	40	60	3	0	100	0	27
2016_04_04_9_27_AM	41002.3521945720	30557
30557	6	259898	5	10796	1	10796	99				0					3	2	40	60	3	0	100	0	28
2016_04_04_9_27_AM	41002.3522420284	30557
30557	6	263999	5	14897	1	14897	99				0					3	2	40	60	3	0	100	0	29
2016_04_04_9_27_AM	41002.3525061871	30557
30557	6	286822	5	37720	1	37720	99				0					3	2	40	60	3	0	100	0	30
2016_04_04_9_27_AM	41002.3525336771	30557
30557	6	289197	5	40095	1	40095	99				0					3	2	40	60	3	0	100	0	31
2016_04_04_9_28_AM	41002.3528147811	30557
30557	6	313442	6	3340	0	3340	1	Lab	LAB2.JPG	1	1	Fruit	FRT3.JPG	Lab	LAB2.JPG	4	2	33	67	3	1	75	25	32
2016_04_04_9_28_AM	41002.3528892066	30557
30557	6	319914	6	9812	1	9812	99				1					4	2	33	67	3	1	75	25	33
2016_04_04_9_28_AM	41002.3528952834	30557
30557	6	320439	6	10337	1	10337	99				1					4	2	33	67	3	1	75	25	34
2016_04_04_9_28_AM	41002.3528982465	30557
30557	6	320695	6	10593	1	10593	99				1					4	2	33	67	3	1	75	25	35
2016_04_04_9_28_AM	41002.3529287228	30557
30557	6	323328	6	13226	1	13226	99				1					4	2	33	67	3	1	75	25	36
2016_04_04_9_28_AM	41002.3529454714	30557
30557	6	324776	6	14674	1	14674	99				1					4	2	33	67	3	1	75	25	37
2016_04_04_9_28_AM	41002.3529553563	30557
30557	6	325629	6	15527	1	15527	99				1					4	2	33	67	3	1	75	25	38
2016_04_04_9_28_AM	41002.3529704266	30557
30557	6	326931	6	16829	1	16829	99				1					4	2	33	67	3	1	75	25	39
2016_04_04_9_28_AM	41002.3529864807	30557
30557	6	328319	6	18217	1	18217	99				1					4	2	33	67	3	1	75	25	40
2016_04_04_9_28_AM	41002.3530312634	30557
30557	6	332188	6	22086	1	22086	99				1					4	2	33	67	3	1	75	25	41
2016_04_04_9_28_AM	41002.3530486602	30557
30557	6	333691	6	23589	1	23589	99				1					4	2	33	67	3	1	75	25	42
2016_04_04_9_28_AM	41002.3530619480	30557
30557	6	334840	6	24738	1	24738	99				1					4	2	33	67	3	1	75	25	43
2016_04_04_9_28_AM	41002.3530688581	30557
30557	6	335436	6	25334	1	25334	99				1					4	2	33	67	3	1	75	25	44
2016_04_04_9_28_AM	41002.3530830140	30557
30557	6	336659	6	26557	1	26557	99				1					4	2	33	67	3	1	75	25	45
2016_04_04_9_28_AM	41002.3530930609	30557
30557	6	337527	6	27425	1	27425	99				1					4	2	33	67	3	1	75	25	46
2016_04_04_9_28_AM	41002.3532305109	30557
30557	6	349403	6	39301	1	39301	99				1					4	2	33	67	3	1	75	25	47
2016_04_04_9_28_AM	41002.3532636494	30557
30557	6	352266	6	42164	1	42164	99				1					4	2	33	67	3	1	75	25	48
2016_04_04_9_29_AM	41002.3535681112	30557
30557	6	378554	7	7452	0	7452	1	Affiliative	AFF6.JPG		1	Nature	NAT2.JPG	Affiliative	AFF6.JPG	5	2	29	71	3	2	60	40	49
2016_04_04_9_29_AM	41002.3537728336	30557
30557	6	396260	7	25158	1	25158	99				1					5	2	29	71	3	2	60	40	50
2016_04_04_9_30_AM	41002.3543612816	30557
30557	6	447102	8	15000	2	15000	99				1	Nature	NAT4.JPG	Affiliative	AFF2.JPG	5	3	38	62	3	2	60	40	51
2016_04_04_9_31_AM	41002.3550672942	30557
30557	6	508102	9	15000	2	15000	99				1	Nature	NAT6.JPG	Affiliative	AFF3.JPG	5	4	44	56	3	2	60	40	52
2016_04_04_9_32_AM	41002.3557733184	30557
30557	6	569102	10	15000	2	15000	99				1	Nature	NAT5.JPG	Affiliative	AFF1.JPG	5	5	50	50	3	2	60	40	53
2016_04_04_9_33_AM	41002.3563461636	30557
30557	6	618575	11	3473	0	3473	1	Affiliative	AFF5.JPG		1	Nature	NAT1.JPG	Affiliative	AFF5.JPG	6	5	45	55	3	3	50	50	54
2016_04_04_9_33_AM	41002.3564607188	30557
30557	6	628493	11	13391	1	13391	99				1					6	5	45	55	3	3	50	50	55
2016_04_04_9_33_AM	41002.3564682655	30557
30557	6	629145	11	14043	1	14043	99				1					6	5	45	55	3	3	50	50	56
2016_04_04_9_33_AM	41002.3564793541	30557
30557	6	630103	11	15001	1	15001	99				1					6	5	45	55	3	3	50	50	57
2016_04_04_9_33_AM	41002.3565832027	30557
30557	6	639076	11	23974	1	23974	99				1					6	5	45	55	3	3	50	50	58
2016_04_04_9_34_AM	41002.3571853552	30557
30557	6	691102	12	15000	2	15000	99				1	Nature	NAT3.JPG	Affiliative	AFF4.JPG	6	6	50	50	3	3	50	50	59
2016_04_04_9_35_AM	41002.3579376667	30557
30557	6	756102	13	15000	2	15000	99				1	Fruit	FRT3.JPG	Affiliative	AFF1.JPG	6	7	54	46	3	3	50	50	60
2016_04_04_9_36_AM	41002.3585128616	30557
30557	6	805780	14	3677	0	3677	0	Fruit	FRT2.JPG	1	2	Fruit	FRT2.JPG	Affiliative	AFF6.JPG	7	7	50	50	4	3	57	43	61
2016_04_04_9_37_AM	41002.3593497035	30557
30557	6	878102	15	15000	2	15000	99				2	Fruit	FRT4.JPG	Affiliative	AFF5.JPG	7	8	53	47	4	3	57	43	62
2016_04_04_9_38_AM	41002.3599022004	30557
30557	6	925818	16	1715	0	1715	0	Fruit	FRT1.JPG		2	Fruit	FRT1.JPG	Affiliative	AFF4.JPG	8	8	50	50	5	3	62	38	63
2016_04_04_9_38_AM	41002.3599202222	30557
30557	6	927395	16	3292	1	3292	99				2					8	8	50	50	5	3	62	38	64
2016_04_04_9_38_AM	41002.3599277458	30557
30557	6	928044	16	3941	1	3941	99				2					8	8	50	50	5	3	62	38	65
2016_04_04_9_38_AM	41002.3601191456	30557
30557	6	944582	16	20479	1	20479	99				2					8	8	50	50	5	3	62	38	66
2016_04_04_9_38_AM	41002.3601677595	30557
30557	6	948782	16	24679	1	24679	99				2					8	8	50	50	5	3	62	38	67
2016_04_04_9_38_AM	41002.3601706879	30557
30557	6	949034	16	24931	1	24931	99				2					8	8	50	50	5	3	62	38	68
2016_04_04_9_39_AM	41002.3607617518	30557
30557	6	1000103	17	15000	2	15000	99				2	Fruit	FRT6.JPG	Affiliative	AFF3.JPG	8	9	53	47	5	3	62	38	69
2016_04_04_9_40_AM	41002.3614677760	30557
30557	6	1061103	18	15000	2	15000	99				2	Fruit	FRT5.JPG	Affiliative	AFF2.JPG	8	10	56	44	5	3	62	38	70
2016_04_04_9_41_AM	41002.3621737886	30557
30557	6	1122103	19	15000	2	15000	99				2	Nature	NAT3.JPG	Lab	LAB5.JPG	8	11	58	42	5	3	62	38	71
2016_04_04_9_42_AM	41002.3628798012	30557
30557	6	1183102	20	15000	2	15000	99				2	Nature	NAT2.JPG	Lab	LAB4.JPG	8	12	60	40	5	3	62	38	72
2016_04_04_9_43_AM	41002.3635858138	30557
30557	6	1244102	21	15000	2	15000	99				2	Nature	NAT4.JPG	Lab	LAB2.JPG	8	13	62	38	5	3	62	38	73
2016_04_04_9_44_AM	41002.3642918380	30557
30557	6	1305102	22	15000	2	15000	99				2	Nature	NAT6.JPG	Lab	LAB6.JPG	8	14	64	36	5	3	62	38	74
2016_04_04_9_45_AM	41002.3649978506	30557
30557	6	1366102	23	15000	2	15000	99				2	Nature	NAT1.JPG	Lab	LAB1.JPG	8	15	65	35	5	3	62	38	75
2016_04_04_9_46_AM	41002.3657038748	30557
30557	6	1427102	24	15000	2	15000	99				2	Nature	NAT5.JPG	Lab	LAB3.JPG	8	16	67	33	5	3	62	38	76
2016_04_04_9_47_AM	41002.3664561979	30557
30557	6	1492103	25	15000	2	15000	99				2	Lab	LAB6.JPG	Affiliative	AFF6.JPG	8	17	68	32	5	3	62	38	77
2016_04_04_9_48_AM	41002.3671621989	30557
30557	6	1553102	26	15000	2	15000	99				2	Lab	LAB5.JPG	Affiliative	AFF3.JPG	8	18	69	31	5	3	62	38	78
2016_04_04_9_49_AM	41002.3678682231	30557
30557	6	1614102	27	15000	2	15000	99				2	Lab	LAB4.JPG	Affiliative	AFF2.JPG	8	19	70	30	5	3	62	38	79
2016_04_04_9_50_AM	41002.3685742473	30557
30557	6	1675103	28	15000	2	15000	99				2	Lab	LAB3.JPG	Affiliative	AFF5.JPG	8	20	71	29	5	3	62	38	80
2016_04_04_9_51_AM	41002.3692802599	30557
30557	6	1736102	29	15000	2	15000	99				2	Lab	LAB2.JPG	Affiliative	AFF4.JPG	8	21	72	28	5	3	62	38	81
2016_04_04_9_52_AM	41002.3699862841	30557
30557	6	1797102	30	15000	2	15000	99				2	Lab	LAB1.JPG	Affiliative	AFF1.JPG	8	22	73	27	5	3	62	38	82
2016_04_04_9_53_AM	41002.3706922967	30557
30557	6	1858102	31	15000	2	15000	99				2	Nature	NAT4.JPG	Fruit	FRT6.JPG	8	23	74	26	5	3	62	38	83
2016_04_04_9_54_AM	41002.3713983209	30557
30557	6	1919102	32	15000	2	15000	99				2	Nature	NAT1.JPG	Fruit	FRT4.JPG	8	24	75	25	5	3	62	38	84
2016_04_04_9_55_AM	41002.3721043450	30557
30557	6	1980103	33	15000	2	15000	99				2	Nature	NAT3.JPG	Fruit	FRT3.JPG	8	25	76	24	5	3	62	38	85
2016_04_04_9_56_AM	41002.3728103692	30557
30557	6	2041103	34	15000	2	15000	99				2	Nature	NAT2.JPG	Fruit	FRT1.JPG	8	26	76	24	5	3	62	38	86
2016_04_04_9_57_AM	41002.3733826820	30557
30557	6	2090528	35	3425	0	3425	1	Fruit	FRT2.JPG	1	3	Nature	NAT6.JPG	Fruit	FRT2.JPG	9	26	74	26	5	4	56	44	87
2016_04_04_9_58_AM	41002.3740803261	30557
30557	6	2150786	36	2683	0	2683	1	Fruit	FRT5.JPG		3	Nature	NAT5.JPG	Fruit	FRT5.JPG	10	26	72	28	5	5	50	50	88
Date	Time	Monkey	Panel	Sess Time	Trial	Trial Time	code (0 grid touch, 1 large pix touch, 2 failed trial)	Latency to grid touch	Grid Choice	Category	Picture	Switch?	Switch count	Left categ	Left picture	Right categ	Right picture	Correct Trials	Failed Trials	% Failed	% success	Correct Trials Left	Correct Trials Right	% left choice	% right choice	record number
2016_04_04_9_11_PM	41002.8414337555	29928	5	11200	1	6013	0	6013	0	Fruit	FRT1.JPG		0	Fruit	FRT1.JPG	Nature	NAT6.JPG	1	0	0	100	1	0	100	0	1
2016_04_04_9_11_PM	41002.8414559790	29928	5	13151	1	7964	1	7964	99				0					1	0	0	100	1	0	100	0	2
2016_04_04_9_12_PM	41002.8422434199	29928	5	81187	2	15000	2	15000	99				0	Fruit	FRT2.JPG	Nature	NAT2.JPG	1	1	50	50	1	0	100	0	3
2016_04_04_9_13_PM	41002.8429494325	29928	5	142187	3	15000	2	15000	99				0	Fruit	FRT6.JPG	Nature	NAT4.JPG	1	2	67	33	1	0	100	0	4
2016_04_04_9_14_PM	41002.8436554567	29928	5	203187	4	15000	2	15000	99				0	Fruit	FRT3.JPG	Nature	NAT3.JPG	1	3	75	25	1	0	100	0	5
2016_04_04_9_15_PM	41002.8443614693	29928	5	264187	5	15000	2	15000	99				0	Fruit	FRT4.JPG	Nature	NAT5.JPG	1	4	80	20	1	0	100	0	6
2016_04_04_9_16_PM	41002.8450674935	29928	5	325187	6	15000	2	15000	99				0	Fruit	FRT5.JPG	Nature	NAT1.JPG	1	5	83	17	1	0	100	0	7
2016_04_04_9_17_PM	41002.8457735061	29928	5	386187	7	15000	2	15000	99				0	Fruit	FRT6.JPG	Lab	LAB2.JPG	1	6	86	14	1	0	100	0	8
2016_04_04_9_18_PM	41002.8464795302	29928	5	447187	8	15000	2	15000	99				0	Fruit	FRT4.JPG	Lab	LAB1.JPG	1	7	88	12	1	0	100	0	9
2016_04_04_9_19_PM	41002.8471855429	29928	5	508187	9	15000	2	15000	99				0	Fruit	FRT1.JPG	Lab	LAB5.JPG	1	8	89	11	1	0	100	0	10
2016_04_04_9_20_PM	41002.8478915786	29928	5	569188	10	15000	2	15000	99				0	Fruit	FRT2.JPG	Lab	LAB3.JPG	1	9	90	10	1	0	100	0	11
2016_04_04_9_21_PM	41002.8485975796	29928	5	630187	11	15000	2	15000	99				0	Fruit	FRT5.JPG	Lab	LAB4.JPG	1	10	91	9	1	0	100	0	12
2016_04_04_9_23_PM	41002.8493036038	29928	5	691187	12	15000	2	15000	99				0	Fruit	FRT3.JPG	Lab	LAB6.JPG	1	11	92	8	1	0	100	0	13
2016_04_04_9_24_PM	41002.8500559154	29928	5	756187	13	15000	2	15000	99				0	Lab	LAB1.JPG	Nature	NAT2.JPG	1	12	92	8	1	0	100	0	14
2016_04_04_9_25_PM	41002.8507619395	29928	5	817187	14	15000	2	15000	99				0	Lab	LAB3.JPG	Nature	NAT1.JPG	1	13	93	7	1	0	100	0	15
2016_04_04_9_26_PM	41002.8514679521	29928	5	878187	15	15000	2	15000	99				0	Lab	LAB2.JPG	Nature	NAT5.JPG	1	14	93	7	1	0	100	0	16
2016_04_04_9_27_PM	41002.8521739763	29928	5	939187	16	15000	2	15000	99				0	Lab	LAB5.JPG	Nature	NAT3.JPG	1	15	94	6	1	0	100	0	17
2016_04_04_9_28_PM	41002.8528799889	29928	5	1000187	17	15000	2	15000	99				0	Lab	LAB4.JPG	Nature	NAT4.JPG	1	16	94	6	1	0	100	0	18
2016_04_04_9_29_PM	41002.8535860131	29928	5	1061187	18	15000	2	15000	99				0	Lab	LAB6.JPG	Nature	NAT6.JPG	1	17	94	6	1	0	100	0	19
2016_04_04_9_30_PM	41002.8542920257	29928	5	1122187	19	15000	2	15000	99				0	Affiliative	AFF5.JPG	Lab	LAB3.JPG	1	18	95	5	1	0	100	0	20
2016_04_04_9_31_PM	41002.8549980499	29928	5	1183187	20	15000	2	15000	99				0	Affiliative	AFF4.JPG	Lab	LAB1.JPG	1	19	95	5	1	0	100	0	21
2016_04_04_9_32_PM	41002.8557040625	29928	5	1244187	21	15000	2	15000	99				0	Affiliative	AFF1.JPG	Lab	LAB5.JPG	1	20	95	5	1	0	100	0	22
2016_04_04_9_33_PM	41002.8564100867	29928	5	1305187	22	15000	2	15000	99				0	Affiliative	AFF2.JPG	Lab	LAB4.JPG	1	21	95	5	1	0	100	0	23
2016_04_04_9_34_PM	41002.8571160993	29928	5	1366187	23	15000	2	15000	99				0	Affiliative	AFF3.JPG	Lab	LAB6.JPG	1	22	96	4	1	0	100	0	24
2016_04_04_9_35_PM	41002.8578221234	29928	5	1427187	24	15000	2	15000	99				0	Affiliative	AFF6.JPG	Lab	LAB2.JPG	1	23	96	4	1	0	100	0	25
2016_04_04_9_36_PM	41002.8585744350	29928	5	1492187	25	15000	2	15000	99				0	Nature	NAT4.JPG	Affiliative	AFF5.JPG	1	24	96	4	1	0	100	0	26
2016_04_04_9_37_PM	41002.8592804476	29928	5	1553187	26	15000	2	15000	99				0	Nature	NAT2.JPG	Affiliative	AFF1.JPG	1	25	96	4	1	0	100	0	27
2016_04_04_9_38_PM	41002.8599864834	29928	5	1614188	27	15000	2	15000	99				0	Nature	NAT5.JPG	Affiliative	AFF2.JPG	1	26	96	4	1	0	100	0	28
2016_04_04_9_39_PM	41002.8606924960	29928	5	1675188	28	15000	2	15000	99				0	Nature	NAT1.JPG	Affiliative	AFF3.JPG	1	27	96	4	1	0	100	0	29
2016_04_04_9_40_PM	41002.8613985201	29928	5	1736188	29	15000	2	15000	99				0	Nature	NAT6.JPG	Affiliative	AFF6.JPG	1	28	97	3	1	0	100	0	30
2016_04_04_9_41_PM	41002.8621045443	29928	5	1797188	30	15000	2	15000	99				0	Nature	NAT3.JPG	Affiliative	AFF4.JPG	1	29	97	3	1	0	100	0	31
2016_04_04_9_42_PM	41002.8628105569	29928	5	1858188	31	15000	2	15000	99				0	Fruit	FRT6.JPG	Affiliative	AFF6.JPG	1	30	97	3	1	0	100	0	32
2016_04_04_9_43_PM	41002.8635165927	29928	5	1919189	32	15000	2	15000	99				0	Fruit	FRT4.JPG	Affiliative	AFF2.JPG	1	31	97	3	1	0	100	0	33
2016_04_04_9_44_PM	41002.8642226053	29928	5	1980189	33	15000	2	15000	99				0	Fruit	FRT2.JPG	Affiliative	AFF5.JPG	1	32	97	3	1	0	100	0	34
2016_04_04_9_45_PM	41002.8649286295	29928	5	2041189	34	15000	2	15000	99				0	Fruit	FRT1.JPG	Affiliative	AFF1.JPG	1	33	97	3	1	0	100	0	35
2016_04_04_9_46_PM	41002.8656346421	29928	5	2102189	35	15000	2	15000	99				0	Fruit	FRT5.JPG	Affiliative	AFF3.JPG	1	34	97	3	1	0	100	0	36
2016_04_04_9_47_PM	41002.8663406662	29928	5	2163189	36	15000	2	15000	99				0	Fruit	FRT3.JPG	Affiliative	AFF4.JPG	1	35	97	3	1	0	100	0	37
Date	Time	Monkey	Panel	Sess Time	Trial	Trial Time	code (0 grid touch, 1 large pix touch, 2 failed trial)	Latency to grid touch	Grid Choice	Category	Picture	Switch?	Switch count	Left categ	Left picture	Right categ	Right picture	Correct Trials	Failed Trials	% Failed	% success	Correct Trials Left	Correct Trials Right	% left choice	% right choice	record number
2016_04_04_9_11_PM	41002.8409967561	30007	4	20024	1	15000	2	15000	99				0	Lab	LAB2.JPG	Fruit	FRT2.JPG	0	1	100	0	0	0	NaN	NaN	1
2016_04_04_9_12_PM	41002.8417027803	30007	4	81024	2	15000	2	15000	99				0	Lab	LAB4.JPG	Fruit	FRT3.JPG	0	2	100	0	0	0	NaN	NaN	2
2016_04_04_9_13_PM	41002.8424087929	30007	4	142024	3	15000	2	15000	99				0	Lab	LAB6.JPG	Fruit	FRT1.JPG	0	3	100	0	0	0	NaN	NaN	3
2016_04_04_9_13_PM	41002.8430186310	30007	4	194673	4	6648	0	6648	0	Lab	LAB3.JPG		0	Lab	LAB3.JPG	Fruit	FRT4.JPG	1	3	75	25	1	0	100	0	4
2016_04_04_9_14_PM	41002.8437174441	30007	4	255073	5	6049	0	6049	1	Fruit	FRT6.JPG	1	1	Lab	LAB1.JPG	Fruit	FRT6.JPG	2	3	60	40	1	1	50	50	5
2016_04_04_9_15_PM	41002.8437560459	30007	4	258425	5	9401	1	9401	99				1					2	3	60	40	1	1	50	50	6
2016_04_04_9_15_PM	41002.8437867884	30007	4	261082	5	12058	1	12058	99				1					2	3	60	40	1	1	50	50	7
2016_04_04_9_15_PM	41002.8438139311	30007	4	263427	5	14403	1	14403	99				1					2	3	60	40	1	1	50	50	8
2016_04_04_9_15_PM	41002.8439221549	30007	4	272776	5	23752	1	23752	99				1					2	3	60	40	1	1	50	50	9
2016_04_04_9_15_PM	41002.8440331450	30007	4	282368	5	33344	1	33344	99				1					2	3	60	40	1	1	50	50	10
2016_04_04_9_15_PM	41002.8440489214	30007	4	283731	5	34707	1	34707	99				1					2	3	60	40	1	1	50	50	11
2016_04_04_9_15_PM	41002.8441287061	30007	4	290623	5	41599	1	41599	99				1					2	3	60	40	1	1	50	50	12
2016_04_04_9_16_PM	41002.8445268538	30007	4	325024	6	15000	2	15000	99				1	Lab	LAB5.JPG	Fruit	FRT5.JPG	2	4	67	33	1	1	50	50	13
2016_04_04_9_17_PM	41002.8452328664	30007	4	386024	7	15000	2	15000	99				1	Nature	NAT5.JPG	Fruit	FRT2.JPG	2	5	71	29	1	1	50	50	14
2016_04_04_9_18_PM	41002.8459388906	30007	4	447024	8	15000	2	15000	99				1	Nature	NAT6.JPG	Fruit	FRT5.JPG	2	6	75	25	1	1	50	50	15
2016_04_04_9_18_PM	41002.8465210188	30007	4	497297	9	4273	0	4273	0	Nature	NAT2.JPG	1	2	Nature	NAT2.JPG	Fruit	FRT4.JPG	3	6	67	33	2	1	67	33	16
2016_04_04_9_19_PM	41002.8466917114	30007	4	512067	9	19043	1	19043	99				2					3	6	67	33	2	1	67	33	17
2016_04_04_9_19_PM	41002.8467221530	30007	4	514698	9	21674	1	21674	99				2					3	6	67	33	2	1	67	33	18
2016_04_04_9_19_PM	41002.8467242712	30007	4	514881	9	21857	1	21857	99				2					3	6	67	33	2	1	67	33	19
2016_04_04_9_19_PM	41002.8468407941	30007	4	524949	9	31925	1	31925	99				2					3	6	67	33	2	1	67	33	20
2016_04_04_9_20_PM	41002.8472924287	30007	4	563950	10	9927	0	9927	1	Fruit	FRT3.JPG	1	3	Nature	NAT4.JPG	Fruit	FRT3.JPG	4	6	60	40	2	2	50	50	21
2016_04_04_9_20_PM	41002.8473360307	30007	4	567736	10	13713	1	13713	99				3					4	6	60	40	2	2	50	50	22
2016_04_04_9_20_PM	41002.8473663681	30007	4	570357	10	16334	1	16334	99				3					4	6	60	40	2	2	50	50	23
2016_04_04_9_20_PM	41002.8474650196	30007	4	578882	10	24859	1	24859	99				3					4	6	60	40	2	2	50	50	24
2016_04_04_9_20_PM	41002.8475809984	30007	4	588901	10	34878	1	34878	99				3					4	6	60	40	2	2	50	50	25
2016_04_04_9_21_PM	41002.8479253931	30007	4	618637	11	3613	0	3613	0	Nature	NAT3.JPG	1	4	Nature	NAT3.JPG	Fruit	FRT6.JPG	5	6	55	45	3	2	60	40	26
2016_04_04_9_21_PM	41002.8479270715	30007	4	618802	11	3778	1	3778	99				4					5	6	55	45	3	2	60	40	27
2016_04_04_9_21_PM	41002.8479593881	30007	4	621594	11	6570	1	6570	99				4					5	6	55	45	3	2	60	40	28
2016_04_04_9_21_PM	41002.8480037078	30007	4	625423	11	10399	1	10399	99				4					5	6	55	45	3	2	60	40	29
2016_04_04_9_21_PM	41002.8480457935	30007	4	629060	11	14036	1	14036	99				4					5	6	55	45	3	2	60	40	30
2016_04_04_9_21_PM	41002.8480499720	30007	4	629422	11	14398	1	14398	99				4					5	6	55	45	3	2	60	40	31
2016_04_04_9_21_PM	41002.8481189922	30007	4	635384	11	20360	1	20360	99				4					5	6	55	45	3	2	60	40	32
2016_04_04_9_21_PM	41002.8481739027	30007	4	640128	11	25104	1	25104	99				4					5	6	55	45	3	2	60	40	33
2016_04_04_9_21_PM	41002.8482960278	30007	4	650681	11	35657	1	35657	99				4					5	6	55	45	3	2	60	40	34
2016_04_04_9_21_PM	41002.8483531144	30007	4	655612	11	40588	1	40588	99				4					5	6	55	45	3	2	60	40	35
2016_04_04_9_22_PM	41002.8487629642	30007	4	691024	12	15000	2	15000	99				4	Nature	NAT1.JPG	Fruit	FRT1.JPG	5	7	58	42	3	2	60	40	36
2016_04_04_9_23_PM	41002.8495152757	30007	4	756024	13	15000	2	15000	99				4	Lab	LAB4.JPG	Affiliative	AFF4.JPG	5	8	62	38	3	2	60	40	37
2016_04_04_9_24_PM	41002.8502212999	30007	4	817024	14	15000	2	15000	99				4	Lab	LAB2.JPG	Affiliative	AFF6.JPG	5	9	64	36	3	2	60	40	38
2016_04_04_9_25_PM	41002.8509273125	30007	4	878024	15	15000	2	15000	99				4	Lab	LAB5.JPG	Affiliative	AFF2.JPG	5	10	67	33	3	2	60	40	39
2016_04_04_9_26_PM	41002.8516333367	30007	4	939024	16	15000	2	15000	99				4	Lab	LAB1.JPG	Affiliative	AFF5.JPG	5	11	69	31	3	2	60	40	40
2016_04_04_9_27_PM	41002.8523393493	30007	4	1000024	17	15000	2	15000	99				4	Lab	LAB3.JPG	Affiliative	AFF3.JPG	5	12	71	29	3	2	60	40	41
2016_04_04_9_28_PM	41002.8530453735	30007	4	1061024	18	15000	2	15000	99				4	Lab	LAB6.JPG	Affiliative	AFF1.JPG	5	13	72	28	3	2	60	40	42
2016_04_04_9_29_PM	41002.8537513861	30007	4	1122024	19	15000	2	15000	99				4	Nature	NAT5.JPG	Affiliative	AFF1.JPG	5	14	74	26	3	2	60	40	43
2016_04_04_9_30_PM	41002.8544574218	30007	4	1183025	20	15000	2	15000	99				4	Nature	NAT2.JPG	Affiliative	AFF6.JPG	5	15	75	25	3	2	60	40	44
2016_04_04_9_31_PM	41002.8551634344	30007	4	1244025	21	15000	2	15000	99				4	Nature	NAT4.JPG	Affiliative	AFF2.JPG	5	16	76	24	3	2	60	40	45
2016_04_04_9_32_PM	41002.8558694586	30007	4	1305025	22	15000	2	15000	99				4	Nature	NAT3.JPG	Affiliative	AFF5.JPG	5	17	77	23	3	2	60	40	46
2016_04_04_9_33_PM	41002.8565754596	30007	4	1366024	23	15000	2	15000	99				4	Nature	NAT6.JPG	Affiliative	AFF3.JPG	5	18	78	22	3	2	60	40	47
2016_04_04_9_34_PM	41002.8572814954	30007	4	1427025	24	15000	2	15000	99				4	Nature	NAT1.JPG	Affiliative	AFF4.JPG	5	19	79	21	3	2	60	40	48
2016_04_04_9_35_PM	41002.8580338069	30007	4	1492025	25	15000	2	15000	99				4	Affiliative	AFF2.JPG	Fruit	FRT6.JPG	5	20	80	20	3	2	60	40	49
2016_04_04_9_36_PM	41002.8586237481	30007	4	1542974	26	4949	0	4949	0	Affiliative	AFF5.JPG		4	Affiliative	AFF5.JPG	Fruit	FRT2.JPG	6	20	77	23	4	2	67	33	50
2016_04_04_9_36_PM	41002.8588969813	30007	4	1566601	26	28576	1	28576	99				4					6	20	77	23	4	2	67	33	51
2016_04_04_9_36_PM	41002.8589163690	30007	4	1568277	26	30252	1	30252	99				4					6	20	77	23	4	2	67	33	52
2016_04_04_9_36_PM	41002.8589344950	30007	4	1569842	26	31817	1	31817	99				4					6	20	77	23	4	2	67	33	53
2016_04_04_9_37_PM	41002.8593111717	30007	4	1602369	27	3344	0	3344	0	Affiliative	AFF6.JPG		4	Affiliative	AFF6.JPG	Fruit	FRT4.JPG	7	20	74	26	5	2	71	29	54
2016_04_04_9_37_PM	41002.8593420183	30007	4	1605054	27	6029	1	6029	99				4					7	20	74	26	5	2	71	29	55
2016_04_04_9_37_PM	41002.8594762621	30007	4	1616652	27	17627	1	17627	99				4					7	20	74	26	5	2	71	29	56
2016_04_04_9_37_PM	41002.8596573720	30007	4	1632300	27	33275	1	33275	99				4					7	20	74	26	5	2	71	29	57
2016_04_04_9_37_PM	41002.8596673842	30007	4	1633165	27	34140	1	34140	99				4					7	20	74	26	5	2	71	29	58
2016_04_04_9_37_PM	41002.8596780098	30007	4	1634082	27	35057	1	35057	99				4					7	20	74	26	5	2	71	29	59
2016_04_04_9_38_PM	41002.8597286840	30007	4	1638460	27	39435	1	39435	99				4					7	20	74	26	5	2	71	29	60
2016_04_04_9_38_PM	41002.8597511390	30007	4	1640403	27	41378	1	41378	99				4					7	20	74	26	5	2	71	29	61
2016_04_04_9_38_PM	41002.8600110612	30007	4	1662836	28	2811	0	2811	0	Affiliative	AFF4.JPG		4	Affiliative	AFF4.JPG	Fruit	FRT1.JPG	8	20	71	29	6	2	75	25	62
2016_04_04_9_39_PM	41002.8608578805	30007	4	1736025	29	15000	2	15000	99				4	Affiliative	AFF3.JPG	Fruit	FRT3.JPG	8	21	72	28	6	2	75	25	63
2016_04_04_9_40_PM	41002.8615639047	30007	4	1797025	30	15000	2	15000	99				4	Affiliative	AFF1.JPG	Fruit	FRT5.JPG	8	22	73	27	6	2	75	25	64
2016_04_04_9_41_PM	41002.8622699173	30007	4	1858025	31	15000	2	15000	99				4	Nature	NAT5.JPG	Lab	LAB5.JPG	8	23	74	26	6	2	75	25	65
2016_04_04_9_42_PM	41002.8629759299	30007	4	1919024	32	15000	2	15000	99				4	Nature	NAT1.JPG	Lab	LAB4.JPG	8	24	75	25	6	2	75	25	66
2016_04_04_9_43_PM	41002.8636819425	30007	4	1980024	33	15000	2	15000	99				4	Nature	NAT6.JPG	Lab	LAB6.JPG	8	25	76	24	6	2	75	25	67
2016_04_04_9_44_PM	41002.8643879667	30007	4	2041024	34	15000	2	15000	99				4	Nature	NAT4.JPG	Lab	LAB3.JPG	8	26	76	24	6	2	75	25	68
2016_04_04_9_45_PM	41002.8649575826	30007	4	2090213	35	3189	0	3189	0	Nature	NAT2.JPG		4	Nature	NAT2.JPG	Lab	LAB2.JPG	9	26	74	26	7	2	78	22	69
2016_04_04_9_45_PM	41002.8649837068	30007	4	2092495	35	5471	1	5471	99				4					9	26	74	26	7	2	78	22	70
2016_04_04_9_45_PM	41002.8649901770	30007	4	2093053	35	6029	1	6029	99				4					9	26	74	26	7	2	78	22	71
2016_04_04_9_46_PM	41002.8658000035	30007	4	2163024	36	15000	2	15000	99				4	Nature	NAT3.JPG	Lab	LAB1.JPG	9	27	75	25	7	2	78	22	72
Date	Time	Monkey	Panel	Sess Time	Trial	Trial Time	code (0 grid touch, 1 large pix touch, 2 failed trial)	Latency to grid touch	Grid Choice	Category	Picture	Switch?	Switch count	Left categ	Left picture	Right categ	Right picture	Correct Trials	Failed Trials	% Failed	% success	Correct Trials Left	Correct Trials Right	% left choice	% right choice	record number
2016_04_04_9_09_PM	41002.8399436730	30578	3	20030	1	15000	2	15000	99				0	Nature	NAT5.JPG	Affiliative	AFF5.JPG	0	1	100	0	0	0	NaN	NaN	1
2016_04_04_9_10_PM	41002.8406496856	30578	3	81029	2	15000	2	15000	99				0	Nature	NAT4.JPG	Affiliative	AFF6.JPG	0	2	100	0	0	0	NaN	NaN	2
2016_04_04_9_11_PM	41002.8413556982	30578	3	142029	3	15000	2	15000	99				0	Nature	NAT3.JPG	Affiliative	AFF1.JPG	0	3	100	0	0	0	NaN	NaN	3
2016_04_04_9_12_PM	41002.8420617224	30578	3	203029	4	15000	2	15000	99				0	Nature	NAT1.JPG	Affiliative	AFF2.JPG	0	4	100	0	0	0	NaN	NaN	4
2016_04_04_9_13_PM	41002.8427677350	30578	3	264029	5	15000	2	15000	99				0	Nature	NAT6.JPG	Affiliative	AFF3.JPG	0	5	100	0	0	0	NaN	NaN	5
2016_04_04_9_14_PM	41002.8434737592	30578	3	325029	6	15000	2	15000	99				0	Nature	NAT2.JPG	Affiliative	AFF4.JPG	0	6	100	0	0	0	NaN	NaN	6
2016_04_04_9_15_PM	41002.8441797602	30578	3	386028	7	15000	2	15000	99				0	Lab	LAB2.JPG	Nature	NAT4.JPG	0	7	100	0	0	0	NaN	NaN	7
2016_04_04_9_16_PM	41002.8448858075	30578	3	447030	8	15000	2	15000	99				0	Lab	LAB3.JPG	Nature	NAT3.JPG	0	8	100	0	0	0	NaN	NaN	8
2016_04_04_9_17_PM	41002.8455918086	30578	3	508029	9	15000	2	15000	99				0	Lab	LAB6.JPG	Nature	NAT1.JPG	0	9	100	0	0	0	NaN	NaN	9
2016_04_04_9_18_PM	41002.8462978327	30578	3	569029	10	15000	2	15000	99				0	Lab	LAB5.JPG	Nature	NAT5.JPG	0	10	100	0	0	0	NaN	NaN	10
2016_04_04_9_19_PM	41002.8470038453	30578	3	630029	11	15000	2	15000	99				0	Lab	LAB4.JPG	Nature	NAT6.JPG	0	11	100	0	0	0	NaN	NaN	11
2016_04_04_9_20_PM	41002.8477098695	30578	3	691029	12	15000	2	15000	99				0	Lab	LAB1.JPG	Nature	NAT2.JPG	0	12	100	0	0	0	NaN	NaN	12
2016_04_04_9_21_PM	41002.8484621811	30578	3	756029	13	15000	2	15000	99				0	Affiliative	AFF3.JPG	Fruit	FRT4.JPG	0	13	100	0	0	0	NaN	NaN	13
2016_04_04_9_22_PM	41002.8491045673	30578	3	811513	14	9484	0	9484	1	Fruit	FRT1.JPG		0	Affiliative	AFF1.JPG	Fruit	FRT1.JPG	1	13	93	7	0	1	0	100	14
2016_04_04_9_23_PM	41002.8493190703	30578	3	830064	14	28035	1	28035	99				0					1	13	93	7	0	1	0	100	15
2016_04_04_9_23_PM	41002.8495105628	30578	3	846607	14	44578	1	44578	99				0					1	13	93	7	0	1	0	100	16
2016_04_04_9_23_PM	41002.8498742178	30578	3	878029	15	15000	2	15000	99				0	Affiliative	AFF4.JPG	Fruit	FRT5.JPG	1	14	93	7	0	1	0	100	17
2016_04_04_9_24_PM	41002.8505802420	30578	3	939029	16	15000	2	15000	99				0	Affiliative	AFF5.JPG	Fruit	FRT6.JPG	1	15	94	6	0	1	0	100	18
2016_04_04_9_25_PM	41002.8511862026	30578	3	991364	17	6335	0	6335	0	Affiliative	AFF2.JPG	1	1	Affiliative	AFF2.JPG	Fruit	FRT3.JPG	2	15	88	12	1	1	50	50	19
2016_04_04_9_26_PM	41002.8519922904	30578	3	1061030	18	15000	2	15000	99				1	Affiliative	AFF6.JPG	Fruit	FRT2.JPG	2	16	89	11	1	1	50	50	20
2016_04_04_9_27_PM	41002.8526983030	30578	3	1122030	19	15000	2	15000	99				1	Nature	NAT5.JPG	Fruit	FRT3.JPG	2	17	89	11	1	1	50	50	21
2016_04_04_9_28_PM	41002.8533727629	30578	3	1180282	20	12252	0	12252	0	Nature	NAT4.JPG		1	Nature	NAT4.JPG	Fruit	FRT1.JPG	3	17	85	15	2	1	67	33	22
2016_04_04_9_29_PM	41002.8539943030	30578	3	1233981	21	4951	0	4951	0	Nature	NAT1.JPG		1	Nature	NAT1.JPG	Fruit	FRT2.JPG	4	17	81	19	3	1	75	25	23
2016_04_04_9_29_PM	41002.8540689369	30578	3	1240452	21	11422	1	11422	99				1					4	17	81	19	3	1	75	25	24
2016_04_04_9_30_PM	41002.8548163639	30578	3	1305030	22	15000	2	15000	99				1	Nature	NAT3.JPG	Fruit	FRT5.JPG	4	18	82	18	3	1	75	25	25
2016_04_04_9_31_PM	41002.8555223766	30578	3	1366030	23	15000	2	15000	99				1	Nature	NAT2.JPG	Fruit	FRT4.JPG	4	19	83	17	3	1	75	25	26
2016_04_04_9_32_PM	41002.8562284007	30578	3	1427030	24	15000	2	15000	99				1	Nature	NAT6.JPG	Fruit	FRT6.JPG	4	20	83	17	3	1	75	25	27
2016_04_04_9_34_PM	41002.8569807123	30578	3	1492030	25	15000	2	15000	99				1	Fruit	FRT1.JPG	Lab	LAB4.JPG	4	21	84	16	3	1	75	25	28
2016_04_04_9_35_PM	41002.8576867133	30578	3	1553029	26	15000	2	15000	99				1	Fruit	FRT4.JPG	Lab	LAB5.JPG	4	22	85	15	3	1	75	25	29
2016_04_04_9_36_PM	41002.8583927375	30578	3	1614029	27	15000	2	15000	99				1	Fruit	FRT5.JPG	Lab	LAB2.JPG	4	23	85	15	3	1	75	25	30
2016_04_04_9_37_PM	41002.8590987501	30578	3	1675029	28	15000	2	15000	99				1	Fruit	FRT2.JPG	Lab	LAB6.JPG	4	24	86	14	3	1	75	25	31
2016_04_04_9_37_PM	41002.8597147923	30578	3	1728232	29	7203	0	7203	0	Fruit	FRT3.JPG		1	Fruit	FRT3.JPG	Lab	LAB1.JPG	5	24	83	17	4	1	80	20	32
2016_04_04_9_38_PM	41002.8599034720	30578	3	1744555	29	23526	1	23526	99				1					5	24	83	17	4	1	80	20	33
2016_04_04_9_38_PM	41002.8601288900	30578	3	1764032	29	43003	1	43003	99				1					5	24	83	17	4	1	80	20	34
2016_04_04_9_39_PM	41002.8605107984	30578	3	1797029	30	15000	2	15000	99				1	Fruit	FRT6.JPG	Lab	LAB3.JPG	5	25	83	17	4	1	80	20	35
2016_04_04_9_40_PM	41002.8611553492	30578	3	1852696	31	9666	0	9666	1	Affiliative	AFF4.JPG	1	2	Lab	LAB3.JPG	Affiliative	AFF4.JPG	6	25	81	19	4	2	67	33	36
2016_04_04_9_40_PM	41002.8612644874	30578	3	1862146	31	19116	1	19116	99				2					6	25	81	19	4	2	67	33	37
2016_04_04_9_40_PM	41002.8612814328	30578	3	1863611	31	20581	1	20581	99				2					6	25	81	19	4	2	67	33	38
2016_04_04_9_41_PM	41002.8619134481	30578	3	1918198	32	14169	0	14169	1	Affiliative	AFF3.JPG		2	Lab	LAB1.JPG	Affiliative	AFF3.JPG	7	25	78	22	4	3	57	43	39
2016_04_04_9_41_PM	41002.8621236916	30578	3	1936382	32	32353	1	32353	99				2					7	25	78	22	4	3	57	43	40
2016_04_04_9_41_PM	41002.8621438317	30578	3	1938122	32	34093	1	34093	99				2					7	25	78	22	4	3	57	43	41
2016_04_04_9_41_PM	41002.8621858364	30578	3	1941751	32	37722	1	37722	99				2					7	25	78	22	4	3	57	43	42
2016_04_04_9_41_PM	41002.8622366495	30578	3	1946142	32	42113	1	42113	99				2					7	25	78	22	4	3	57	43	43
2016_04_04_9_41_PM	41002.8622458282	30578	3	1946935	32	42906	1	42906	99				2					7	25	78	22	4	3	57	43	44
2016_04_04_9_42_PM	41002.8625613440	30578	3	1974177	33	9148	0	9148	1	Affiliative	AFF6.JPG		2	Lab	LAB5.JPG	Affiliative	AFF6.JPG	8	25	76	24	4	4	50	50	45
2016_04_04_9_42_PM	41002.8625909984	30578	3	1976758	33	11729	1	11729	99				2					8	25	76	24	4	4	50	50	46
2016_04_04_9_42_PM	41002.8626427144	30578	3	1981226	33	16197	1	16197	99				2					8	25	76	24	4	4	50	50	47
2016_04_04_9_42_PM	41002.8626868604	30578	3	1985039	33	20010	1	20010	99				2					8	25	76	24	4	4	50	50	48
2016_04_04_9_42_PM	41002.8628061728	30578	3	1995350	33	30321	1	30321	99				2					8	25	76	24	4	4	50	50	49
2016_04_04_9_42_PM	41002.8629094889	30578	3	2004275	33	39246	1	39246	99				2					8	25	76	24	4	4	50	50	50
2016_04_04_9_43_PM	41002.8633353118	30578	3	2041067	34	15038	2	15038	99				2	Lab	LAB4.JPG	Affiliative	AFF5.JPG	8	26	76	24	4	4	50	50	51
2016_04_04_9_44_PM	41002.8640408846	30578	3	2102029	35	15000	2	15000	99				2	Lab	LAB2.JPG	Affiliative	AFF1.JPG	8	27	77	23	4	4	50	50	52
2016_04_04_9_45_PM	41002.8647472213	30578	3	2163055	36	15026	2	15026	99				2	Lab	LAB6.JPG	Affiliative	AFF2.JPG	8	28	78	22	4	4	50	50	53
Date	Time	Monkey	Panel	Sess Time	Trial	Trial Time	code (0 grid touch, 1 large pix touch, 2 failed trial)	Latency to grid touch	Grid Choice	Category	Picture	Switch?	Switch count	Left categ	Left picture	Right categ	Right picture	Correct Trials	Failed Trials	% Failed	% success	Correct Trials Left	Correct Trials Right	% left choice	% right choice	record number
2016_04_04_9_10_AM	41002.3403255268	30581	2	20115	1	15000	2	15000	99				0	Nature	NAT3.JPG	Fruit	FRT2.JPG	0	1	100	0	0	0	NaN	NaN	1
2016_04_04_9_11_AM	41002.3410315510	30581	2	81115	2	15000	2	15000	99				0	Nature	NAT1.JPG	Fruit	FRT3.JPG	0	2	100	0	0	0	NaN	NaN	2
2016_04_04_9_12_AM	41002.3417375636	30581	2	142115	3	15000	2	15000	99				0	Nature	NAT5.JPG	Fruit	FRT5.JPG	0	3	100	0	0	0	NaN	NaN	3
2016_04_04_9_13_AM	41002.3424435877	30581	2	203115	4	15000	2	15000	99				0	Nature	NAT2.JPG	Fruit	FRT4.JPG	0	4	100	0	0	0	NaN	NaN	4
2016_04_04_9_14_AM	41002.3431496003	30581	2	264115	5	15000	2	15000	99				0	Nature	NAT4.JPG	Fruit	FRT6.JPG	0	5	100	0	0	0	NaN	NaN	5
2016_04_04_9_15_AM	41002.3437672514	30581	2	317462	6	7347	0	7347	1	Fruit	FRT1.JPG		0	Nature	NAT6.JPG	Fruit	FRT1.JPG	1	5	83	17	0	1	0	100	6
2016_04_04_9_15_AM	41002.3439757124	30581	2	335490	6	25375	1	25375	99				0					1	5	83	17	0	1	0	100	7
2016_04_04_9_16_AM	41002.3445616371	30581	2	386115	7	15000	2	15000	99				0	Affiliative	AFF5.JPG	Nature	NAT2.JPG	1	6	86	14	0	1	0	100	8
2016_04_04_9_17_AM	41002.3452676613	30581	2	447115	8	15000	2	15000	99				0	Affiliative	AFF6.JPG	Nature	NAT5.JPG	1	7	88	12	0	1	0	100	9
2016_04_04_9_18_AM	41002.3459736739	30581	2	508115	9	15000	2	15000	99				0	Affiliative	AFF1.JPG	Nature	NAT4.JPG	1	8	89	11	0	1	0	100	10
2016_04_04_9_19_AM	41002.3466796981	30581	2	569115	10	15000	2	15000	99				0	Affiliative	AFF3.JPG	Nature	NAT1.JPG	1	9	90	10	0	1	0	100	11
2016_04_04_9_20_AM	41002.3473857107	30581	2	630115	11	15000	2	15000	99				0	Affiliative	AFF4.JPG	Nature	NAT3.JPG	1	10	91	9	0	1	0	100	12
2016_04_04_9_21_AM	41002.3480917349	30581	2	691115	12	15000	2	15000	99				0	Affiliative	AFF2.JPG	Nature	NAT6.JPG	1	11	92	8	0	1	0	100	13
2016_04_04_9_22_AM	41002.3488440464	30581	2	756115	13	15000	2	15000	99				0	Nature	NAT1.JPG	Lab	LAB5.JPG	1	12	92	8	0	1	0	100	14
2016_04_04_9_23_AM	41002.3495500822	30581	2	817116	14	15000	2	15000	99				0	Nature	NAT2.JPG	Lab	LAB2.JPG	1	13	93	7	0	1	0	100	15
2016_04_04_9_24_AM	41002.3502560948	30581	2	878116	15	15000	2	15000	99				0	Nature	NAT4.JPG	Lab	LAB1.JPG	1	14	93	7	0	1	0	100	16
2016_04_04_9_25_AM	41002.3509621190	30581	2	939116	16	15000	2	15000	99				0	Nature	NAT3.JPG	Lab	LAB4.JPG	1	15	94	6	0	1	0	100	17
2016_04_04_9_26_AM	41002.3516681316	30581	2	1000116	17	15000	2	15000	99				0	Nature	NAT5.JPG	Lab	LAB3.JPG	1	16	94	6	0	1	0	100	18
2016_04_04_9_27_AM	41002.3523741557	30581	2	1061116	18	15000	2	15000	99				0	Nature	NAT6.JPG	Lab	LAB6.JPG	1	17	94	6	0	1	0	100	19
2016_04_04_9_28_AM	41002.3530801683	30581	2	1122116	19	15000	2	15000	99				0	Lab	LAB5.JPG	Affiliative	AFF2.JPG	1	18	95	5	0	1	0	100	20
2016_04_04_9_29_AM	41002.3537861925	30581	2	1183116	20	15000	2	15000	99				0	Lab	LAB2.JPG	Affiliative	AFF4.JPG	1	19	95	5	0	1	0	100	21
2016_04_04_9_30_AM	41002.3544922051	30581	2	1244116	21	15000	2	15000	99				0	Lab	LAB1.JPG	Affiliative	AFF6.JPG	1	20	95	5	0	1	0	100	22
2016_04_04_9_31_AM	41002.3551982409	30581	2	1305117	22	15000	2	15000	99				0	Lab	LAB4.JPG	Affiliative	AFF1.JPG	1	21	95	5	0	1	0	100	23
2016_04_04_9_32_AM	41002.3559042419	30581	2	1366116	23	15000	2	15000	99				0	Lab	LAB3.JPG	Affiliative	AFF3.JPG	1	22	96	4	0	1	0	100	24
2016_04_04_9_33_AM	41002.3566102661	30581	2	1427116	24	15000	2	15000	99				0	Lab	LAB6.JPG	Affiliative	AFF5.JPG	1	23	96	4	0	1	0	100	25
2016_04_04_9_34_AM	41002.3573625661	30581	2	1492115	25	15000	2	15000	99				0	Fruit	FRT1.JPG	Affiliative	AFF4.JPG	1	24	96	4	0	1	0	100	26
2016_04_04_9_35_AM	41002.3580685787	30581	2	1553115	26	15000	2	15000	99				0	Fruit	FRT4.JPG	Affiliative	AFF2.JPG	1	25	96	4	0	1	0	100	27
2016_04_04_9_36_AM	41002.3587746028	30581	2	1614115	27	15000	2	15000	99				0	Fruit	FRT6.JPG	Affiliative	AFF3.JPG	1	26	96	4	0	1	0	100	28
2016_04_04_9_37_AM	41002.3594806154	30581	2	1675115	28	15000	2	15000	99				0	Fruit	FRT2.JPG	Affiliative	AFF1.JPG	1	27	96	4	0	1	0	100	29
2016_04_04_9_38_AM	41002.3600605907	30581	2	1725204	29	4089	0	4089	0	Fruit	FRT5.JPG	1	1	Fruit	FRT5.JPG	Affiliative	AFF6.JPG	2	27	93	7	1	1	50	50	30
2016_04_04_9_38_AM	41002.3602451615	30581	2	1741170	29	20055	1	20055	99				1					2	27	93	7	1	1	50	50	31
2016_04_04_9_38_AM	41002.3603019934	30581	2	1746080	29	24965	1	24965	99				1					2	27	93	7	1	1	50	50	32
2016_04_04_9_39_AM	41002.3608926754	30581	2	1797116	30	15000	2	15000	99				1	Fruit	FRT3.JPG	Affiliative	AFF5.JPG	2	28	93	7	1	1	50	50	33
2016_04_04_9_40_AM	41002.3615986880	30581	2	1858116	31	15000	2	15000	99				1	Fruit	FRT5.JPG	Lab	LAB1.JPG	2	29	94	6	1	1	50	50	34
2016_04_04_9_41_AM	41002.3623047006	30581	2	1919115	32	15000	2	15000	99				1	Fruit	FRT6.JPG	Lab	LAB4.JPG	2	30	94	6	1	1	50	50	35
2016_04_04_9_42_AM	41002.3629231503	30581	2	1972528	33	7413	0	7413	0	Fruit	FRT2.JPG		1	Fruit	FRT2.JPG	Lab	LAB2.JPG	3	30	91	9	2	1	67	33	36
2016_04_04_9_42_AM	41002.3629460567	30581	2	1974527	33	9412	1	9412	99				1					3	30	91	9	2	1	67	33	37
2016_04_04_9_42_AM	41002.3629819268	30581	2	1977627	33	12512	1	12512	99				1					3	30	91	9	2	1	67	33	38
2016_04_04_9_42_AM	41002.3631652938	30581	2	1993470	33	28355	1	28355	99				1					3	30	91	9	2	1	67	33	39
2016_04_04_9_43_AM	41002.3631923555	30581	2	1995807	33	30692	1	30692	99				1					3	30	91	9	2	1	67	33	40
2016_04_04_9_43_AM	41002.3637167374	30581	2	2041115	34	15000	2	15000	99				1	Fruit	FRT1.JPG	Lab	LAB6.JPG	3	31	91	9	2	1	67	33	41
2016_04_04_9_44_AM	41002.3644227500	30581	2	2102115	35	15000	2	15000	99				1	Fruit	FRT4.JPG	Lab	LAB5.JPG	3	32	91	9	2	1	67	33	42
2016_04_04_9_45_AM	41002.3651287741	30581	2	2163115	36	15000	2	15000	99				1	Fruit	FRT3.JPG	Lab	LAB3.JPG	3	33	92	8	2	1	67	33	43
Date	Time	Monkey	Panel	Sess Time	Trial	Trial Time	code (0 grid touch, 1 large pix touch, 2 failed trial)	Latency to grid touch	Grid Choice	Category	Picture	Switch?	Switch count	Left categ	Left picture	Right categ	Right picture	Correct Trials	Failed Trials	% Failed	% success	Correct Trials Left	Correct Trials Right	% left choice	% right choice	record number
2016_04_04_9_11_AM	41002.3412789132	30194	1	19787	1	15000	2	15000	99				0	Nature	NAT4.JPG	Lab	LAB1.JPG	0	1	100	0	0	0	NaN	NaN	1
2016_04_04_9_12_AM	41002.3419377241	30194	1	76689	2	10902	0	10902	0	Nature	NAT6.JPG		0	Nature	NAT6.JPG	Lab	LAB3.JPG	1	1	50	50	1	0	100	0	2
2016_04_04_9_12_AM	41002.3419966626	30194	1	81799	2	16012	1	16012	99				0					1	1	50	50	1	0	100	0	3
2016_04_04_9_12_AM	41002.3423049094	30194	1	108432	2	42645	1	42645	99				0					1	1	50	50	1	0	100	0	4
2016_04_04_9_13_AM	41002.3426909385	30194	1	141786	3	15000	2	15000	99				0	Nature	NAT3.JPG	Lab	LAB2.JPG	1	2	67	33	1	0	100	0	5
2016_04_04_9_14_AM	41002.3433969742	30194	1	202787	4	15000	2	15000	99				0	Nature	NAT5.JPG	Lab	LAB6.JPG	1	3	75	25	1	0	100	0	6
2016_04_04_9_15_AM	41002.3441029868	30194	1	263787	5	15000	2	15000	99				0	Nature	NAT1.JPG	Lab	LAB5.JPG	1	4	80	20	1	0	100	0	7
2016_04_04_9_16_AM	41002.3446722671	30194	1	312933	6	3146	0	3146	1	Lab	LAB4.JPG	1	1	Nature	NAT2.JPG	Lab	LAB4.JPG	2	4	67	33	1	1	50	50	8
2016_04_04_9_16_AM	41002.3447018405	30194	1	315528	6	5741	1	5741	99				1					2	4	67	33	1	1	50	50	9
2016_04_04_9_17_AM	41002.3454856006	30194	1	383227	7	12440	0	12440	1	Fruit	FRT5.JPG		1	Nature	NAT3.JPG	Fruit	FRT5.JPG	3	4	57	43	1	2	33	67	10
2016_04_04_9_18_AM	41002.3462210478	30194	1	446787	8	15000	2	15000	99				1	Nature	NAT5.JPG	Fruit	FRT6.JPG	3	5	62	38	1	2	33	67	11
2016_04_04_9_19_AM	41002.3467857213	30194	1	495558	9	2771	0	2771	1	Fruit	FRT2.JPG		1	Nature	NAT2.JPG	Fruit	FRT2.JPG	4	5	56	44	1	3	25	75	12
2016_04_04_9_19_AM	41002.3468081415	30194	1	497511	9	4724	1	4724	99				1					4	5	56	44	1	3	25	75	13
2016_04_04_9_19_AM	41002.3468331777	30194	1	499674	9	6887	1	6887	99				1					4	5	56	44	1	3	25	75	14
2016_04_04_9_19_AM	41002.3469323963	30194	1	508247	9	15460	1	15460	99				1					4	5	56	44	1	3	25	75	15
2016_04_04_9_20_AM	41002.3476330846	30194	1	568787	10	15000	2	15000	99				1	Nature	NAT4.JPG	Fruit	FRT4.JPG	4	6	60	40	1	3	25	75	16
2016_04_04_9_21_AM	41002.3483390972	30194	1	629787	11	15000	2	15000	99				1	Nature	NAT1.JPG	Fruit	FRT1.JPG	4	7	64	36	1	3	25	75	17
2016_04_04_9_22_AM	41002.3490451213	30194	1	690787	12	15000	2	15000	99				1	Nature	NAT6.JPG	Fruit	FRT3.JPG	4	8	67	33	1	3	25	75	18
2016_04_04_9_23_AM	41002.3497974329	30194	1	755787	13	15000	2	15000	99				1	Affiliative	AFF2.JPG	Fruit	FRT5.JPG	4	9	69	31	1	3	25	75	19
2016_04_04_9_24_AM	41002.3505034571	30194	1	816787	14	15000	2	15000	99				1	Affiliative	AFF1.JPG	Fruit	FRT3.JPG	4	10	71	29	1	3	25	75	20
2016_04_04_9_25_AM	41002.3512094697	30194	1	877787	15	15000	2	15000	99				1	Affiliative	AFF3.JPG	Fruit	FRT6.JPG	4	11	73	27	1	3	25	75	21
2016_04_04_9_26_AM	41002.3519155054	30194	1	938788	16	15000	2	15000	99				1	Affiliative	AFF4.JPG	Fruit	FRT2.JPG	4	12	75	25	1	3	25	75	22
2016_04_04_9_27_AM	41002.3526215180	30194	1	999788	17	15000	2	15000	99				1	Affiliative	AFF5.JPG	Fruit	FRT1.JPG	4	13	76	24	1	3	25	75	23
2016_04_04_9_28_AM	41002.3533275422	30194	1	1060788	18	15000	2	15000	99				1	Affiliative	AFF6.JPG	Fruit	FRT4.JPG	4	14	78	22	1	3	25	75	24
2016_04_04_9_29_AM	41002.3540335548	30194	1	1121788	19	15000	2	15000	99				1	Lab	LAB1.JPG	Affiliative	AFF3.JPG	4	15	79	21	1	3	25	75	25
2016_04_04_9_30_AM	41002.3547395790	30194	1	1182788	20	15000	2	15000	99				1	Lab	LAB3.JPG	Affiliative	AFF1.JPG	4	16	80	20	1	3	25	75	26
2016_04_04_9_31_AM	41002.3554455800	30194	1	1243787	21	15000	2	15000	99				1	Lab	LAB4.JPG	Affiliative	AFF5.JPG	4	17	81	19	1	3	25	75	27
2016_04_04_9_32_AM	41002.3561516042	30194	1	1304787	22	15000	2	15000	99				1	Lab	LAB6.JPG	Affiliative	AFF6.JPG	4	18	82	18	1	3	25	75	28
2016_04_04_9_33_AM	41002.3568576168	30194	1	1365787	23	15000	2	15000	99				1	Lab	LAB2.JPG	Affiliative	AFF2.JPG	4	19	83	17	1	3	25	75	29
2016_04_04_9_34_AM	41002.3575636410	30194	1	1426787	24	15000	2	15000	99				1	Lab	LAB5.JPG	Affiliative	AFF4.JPG	4	20	83	17	1	3	25	75	30
2016_04_04_9_35_AM	41002.3583159641	30194	1	1491788	25	15000	2	15000	99				1	Nature	NAT1.JPG	Affiliative	AFF2.JPG	4	21	84	16	1	3	25	75	31
2016_04_04_9_36_AM	41002.3590219651	30194	1	1552787	26	15000	2	15000	99				1	Nature	NAT3.JPG	Affiliative	AFF5.JPG	4	22	85	15	1	3	25	75	32
2016_04_04_9_38_AM	41002.3597280009	30194	1	1613788	27	15000	2	15000	99				1	Nature	NAT5.JPG	Affiliative	AFF1.JPG	4	23	85	15	1	3	25	75	33
2016_04_04_9_39_AM	41002.3604340135	30194	1	1674788	28	15000	2	15000	99				1	Nature	NAT6.JPG	Affiliative	AFF6.JPG	4	24	86	14	1	3	25	75	34
2016_04_04_9_40_AM	41002.3611400377	30194	1	1735788	29	15000	2	15000	99				1	Nature	NAT4.JPG	Affiliative	AFF3.JPG	4	25	86	14	1	3	25	75	35
2016_04_04_9_41_AM	41002.3618460618	30194	1	1796788	30	15000	2	15000	99				1	Nature	NAT2.JPG	Affiliative	AFF4.JPG	4	26	87	13	1	3	25	75	36
2016_04_04_9_42_AM	41002.3625520744	30194	1	1857788	31	15000	2	15000	99				1	Fruit	FRT6.JPG	Lab	LAB4.JPG	4	27	87	13	1	3	25	75	37
2016_04_04_9_43_AM	41002.3632580870	30194	1	1918787	32	15000	2	15000	99				1	Fruit	FRT4.JPG	Lab	LAB3.JPG	4	28	88	12	1	3	25	75	38
2016_04_04_9_44_AM	41002.3639640997	30194	1	1979787	33	15000	2	15000	99				1	Fruit	FRT2.JPG	Lab	LAB2.JPG	4	29	88	12	1	3	25	75	39
2016_04_04_9_45_AM	41002.3646701238	30194	1	2040787	34	15000	2	15000	99				1	Fruit	FRT1.JPG	Lab	LAB6.JPG	4	30	88	12	1	3	25	75	40
2016_04_04_9_46_AM	41002.3653761364	30194	1	2101787	35	15000	2	15000	99				1	Fruit	FRT5.JPG	Lab	LAB5.JPG	4	31	89	11	1	3	25	75	41
2016_04_04_9_47_AM	41002.3660821606	30194	1	2162787	36	15000	2	15000	99				1	Fruit	FRT3.JPG	Lab	LAB1.JPG	4	32	89	11	1	3	25	75	42
Date	Time	Monkey	Panel	Sess Time	Trial	Trial Time	code (0 grid touch, 1 large pix touch, 2 failed trial)	Latency to grid touch	Grid Choice	Category	Picture	Switch?	Switch count	Left categ	Left picture	Right categ	Right picture	Correct Trials	Failed Trials	% Failed	% success	Correct Trials Left	Correct Trials Right	% left choice	% right choice	record number
2016_04_04_9_09_AM	41002.3400173818	30606	0	19943	1	15000	2	15000	99				0	Affiliative	AFF6.JPG	Nature	NAT1.JPG	0	1	100	0	0	0	NaN	NaN	1
2016_04_04_9_10_AM	41002.3407233366	30606	0	80937	2	15000	2	15000	99				0	Affiliative	AFF1.JPG	Nature	NAT6.JPG	0	2	100	0	0	0	NaN	NaN	2
2016_04_04_9_11_AM	41002.3414293492	30606	0	141937	3	15000	2	15000	99				0	Affiliative	AFF4.JPG	Nature	NAT3.JPG	0	3	100	0	0	0	NaN	NaN	3
2016_04_04_9_12_AM	41002.3421353733	30606	0	202937	4	15000	2	15000	99				0	Affiliative	AFF3.JPG	Nature	NAT2.JPG	0	4	100	0	0	0	NaN	NaN	4
2016_04_04_9_13_AM	41002.3428413744	30606	0	263936	5	15000	2	15000	99				0	Affiliative	AFF2.JPG	Nature	NAT4.JPG	0	5	100	0	0	0	NaN	NaN	5
2016_04_04_9_14_AM	41002.3435474101	30606	0	324937	6	15000	2	15000	99				0	Affiliative	AFF5.JPG	Nature	NAT5.JPG	0	6	100	0	0	0	NaN	NaN	6
2016_04_04_9_15_AM	41002.3442534227	30606	0	385937	7	15000	2	15000	99				0	Lab	LAB4.JPG	Nature	NAT3.JPG	0	7	100	0	0	0	NaN	NaN	7
2016_04_04_9_16_AM	41002.3449594469	30606	0	446937	8	15000	2	15000	99				0	Lab	LAB1.JPG	Nature	NAT2.JPG	0	8	100	0	0	0	NaN	NaN	8
2016_04_04_9_17_AM	41002.3456654711	30606	0	507938	9	15000	2	15000	99				0	Lab	LAB2.JPG	Nature	NAT4.JPG	0	9	100	0	0	0	NaN	NaN	9
2016_04_04_9_18_AM	41002.3463714837	30606	0	568937	10	15000	2	15000	99				0	Lab	LAB5.JPG	Nature	NAT1.JPG	0	10	100	0	0	0	NaN	NaN	10
2016_04_04_9_19_AM	41002.3470774963	30606	0	629937	11	15000	2	15000	99				0	Lab	LAB6.JPG	Nature	NAT6.JPG	0	11	100	0	0	0	NaN	NaN	11
2016_04_04_9_20_AM	41002.3477835321	30606	0	690938	12	15000	2	15000	99				0	Lab	LAB3.JPG	Nature	NAT5.JPG	0	12	100	0	0	0	NaN	NaN	12
2016_04_04_9_21_AM	41002.3485358320	30606	0	755937	13	15000	2	15000	99				0	Affiliative	AFF2.JPG	Fruit	FRT5.JPG	0	13	100	0	0	0	NaN	NaN	13
2016_04_04_9_22_AM	41002.3492418678	30606	0	816938	14	15000	2	15000	99				0	Affiliative	AFF1.JPG	Fruit	FRT4.JPG	0	14	100	0	0	0	NaN	NaN	14
2016_04_04_9_23_AM	41002.3499478688	30606	0	877937	15	15000	2	15000	99				0	Affiliative	AFF6.JPG	Fruit	FRT1.JPG	0	15	100	0	0	0	NaN	NaN	15
2016_04_04_9_24_AM	41002.3506538930	30606	0	938937	16	15000	2	15000	99				0	Affiliative	AFF5.JPG	Fruit	FRT6.JPG	0	16	100	0	0	0	NaN	NaN	16
2016_04_04_9_25_AM	41002.3513599056	30606	0	999937	17	15000	2	15000	99				0	Affiliative	AFF4.JPG	Fruit	FRT2.JPG	0	17	100	0	0	0	NaN	NaN	17
2016_04_04_9_26_AM	41002.3520659298	30606	0	1060937	18	15000	2	15000	99				0	Affiliative	AFF3.JPG	Fruit	FRT3.JPG	0	18	100	0	0	0	NaN	NaN	18
2016_04_04_9_27_AM	41002.3527719424	30606	0	1121937	19	15000	2	15000	99				0	Affiliative	AFF3.JPG	Lab	LAB6.JPG	0	19	100	0	0	0	NaN	NaN	19
2016_04_04_9_29_AM	41002.3534779665	30606	0	1182937	20	15000	2	15000	99				0	Affiliative	AFF4.JPG	Lab	LAB4.JPG	0	20	100	0	0	0	NaN	NaN	20
2016_04_04_9_30_AM	41002.3541839907	30606	0	1243938	21	15000	2	15000	99				0	Affiliative	AFF1.JPG	Lab	LAB2.JPG	0	21	100	0	0	0	NaN	NaN	21
2016_04_04_9_31_AM	41002.3548900149	30606	0	1304938	22	15000	2	15000	99				0	Affiliative	AFF2.JPG	Lab	LAB5.JPG	0	22	100	0	0	0	NaN	NaN	22
2016_04_04_9_32_AM	41002.3555960275	30606	0	1365938	23	15000	2	15000	99				0	Affiliative	AFF5.JPG	Lab	LAB3.JPG	0	23	100	0	0	0	NaN	NaN	23
2016_04_04_9_33_AM	41002.3563020517	30606	0	1426938	24	15000	2	15000	99				0	Affiliative	AFF6.JPG	Lab	LAB1.JPG	0	24	100	0	0	0	NaN	NaN	24
2016_04_04_9_34_AM	41002.3570543517	30606	0	1491937	25	15000	2	15000	99				0	Fruit	FRT6.JPG	Nature	NAT3.JPG	0	25	100	0	0	0	NaN	NaN	25
2016_04_04_9_35_AM	41002.3577603758	30606	0	1552938	26	15000	2	15000	99				0	Fruit	FRT2.JPG	Nature	NAT5.JPG	0	26	100	0	0	0	NaN	NaN	26
2016_04_04_9_36_AM	41002.3584663884	30606	0	1613937	27	15000	2	15000	99				0	Fruit	FRT1.JPG	Nature	NAT1.JPG	0	27	100	0	0	0	NaN	NaN	27
2016_04_04_9_37_AM	41002.3591724010	30606	0	1674937	28	15000	2	15000	99				0	Fruit	FRT4.JPG	Nature	NAT2.JPG	0	28	100	0	0	0	NaN	NaN	28
2016_04_04_9_38_AM	41002.3598784252	30606	0	1735937	29	15000	2	15000	99				0	Fruit	FRT3.JPG	Nature	NAT6.JPG	0	29	100	0	0	0	NaN	NaN	29
2016_04_04_9_39_AM	41002.3605844494	30606	0	1796937	30	15000	2	15000	99				0	Fruit	FRT5.JPG	Nature	NAT4.JPG	0	30	100	0	0	0	NaN	NaN	30
2016_04_04_9_40_AM	41002.3612904620	30606	0	1857937	31	15000	2	15000	99				0	Lab	LAB2.JPG	Fruit	FRT5.JPG	0	31	100	0	0	0	NaN	NaN	31
2016_04_04_9_41_AM	41002.3619965093	30606	0	1918939	32	15000	2	15000	99				0	Lab	LAB5.JPG	Fruit	FRT1.JPG	0	32	100	0	0	0	NaN	NaN	32
2016_04_04_9_42_AM	41002.3627025219	30606	0	1979939	33	15000	2	15000	99				0	Lab	LAB4.JPG	Fruit	FRT2.JPG	0	33	100	0	0	0	NaN	NaN	33
2016_04_04_9_43_AM	41002.3634085461	30606	0	2040939	34	15000	2	15000	99				0	Lab	LAB3.JPG	Fruit	FRT4.JPG	0	34	100	0	0	0	NaN	NaN	34
2016_04_04_9_44_AM	41002.3641145587	30606	0	2101939	35	15000	2	15000	99				0	Lab	LAB6.JPG	Fruit	FRT3.JPG	0	35	100	0	0	0	NaN	NaN	35
2016_04_04_9_45_AM	41002.3648205829	30606	0	2162939	36	15000	2	15000	99				0	Lab	LAB1.JPG	Fruit	FRT6.JPG	0	36	100	0	0	0	NaN	NaN	36
