Date	Time	Monkey	Panel	Sess Time	Trial	Trial Time	code (0 grid touch, 1 large pix touch, 2 failed trial)	Latency to grid touch	Grid Choice	Category	Picture	Switch?	Switch count	Left categ	Left picture	Right categ	Right picture	Correct Trials	Failed Trials	% Failed	% success	Correct Trials Left	Correct Trials Right	% left choice	% right choice	record number
2016_04_15_1_38_PM	41013.5270393803	30606	0	21708	1	15000	2	15000	99				0	Affiliative	AFF3.JPG	Fruit	FRT2.JPG	0	1	100	0	0	0	NaN	NaN	1
2016_04_15_1_39_PM	41013.5277456707	30606	0	82730	2	15022	2	15022	99				0	Affiliative	AFF4.JPG	Fruit	FRT5.JPG	0	2	100	0	0	0	NaN	NaN	2
2016_04_15_1_40_PM	41013.5284514171	30606	0	143708	3	15000	2	15000	99				0	Affiliative	AFF1.JPG	Fruit	FRT3.JPG	0	3	100	0	0	0	NaN	NaN	3
2016_04_15_1_41_PM	41013.5291574413	30606	0	204708	4	15000	2	15000	99				0	Affiliative	AFF6.JPG	Fruit	FRT1.JPG	0	4	100	0	0	0	NaN	NaN	4
2016_04_15_1_43_PM	41013.5298634539	30606	0	265708	5	15000	2	15000	99				0	Affiliative	AFF5.JPG	Fruit	FRT4.JPG	0	5	100	0	0	0	NaN	NaN	5
2016_04_15_1_44_PM	41013.5305694781	30606	0	326708	6	15000	2	15000	99				0	Affiliative	AFF2.JPG	Fruit	FRT6.JPG	0	6	100	0	0	0	NaN	NaN	6
2016_04_15_1_45_PM	41013.5312754907	30606	0	387708	7	15000	2	15000	99				0	Aggressive	AGG5.JPG	Affiliative	AFF3.JPG	0	7	100	0	0	0	NaN	NaN	7
2016_04_15_1_46_PM	41013.5319815149	30606	0	448708	8	15000	2	15000	99				0	Aggressive	AGG6.JPG	Affiliative	AFF6.JPG	0	8	100	0	0	0	NaN	NaN	8
2016_04_15_1_47_PM	41013.5326875275	30606	0	509708	9	15000	2	15000	99				0	Aggressive	AGG3.JPG	Affiliative	AFF2.JPG	0	9	100	0	0	0	NaN	NaN	9
2016_04_15_1_48_PM	41013.5333935516	30606	0	570708	10	15000	2	15000	99				0	Aggressive	AGG1.JPG	Affiliative	AFF1.JPG	0	10	100	0	0	0	NaN	NaN	10
2016_04_15_1_49_PM	41013.5340995642	30606	0	631708	11	15000	2	15000	99				0	Aggressive	AGG2.JPG	Affiliative	AFF4.JPG	0	11	100	0	0	0	NaN	NaN	11
2016_04_15_1_50_PM	41013.5348055884	30606	0	692708	12	15000	2	15000	99				0	Aggressive	AGG4.JPG	Affiliative	AFF5.JPG	0	12	100	0	0	0	NaN	NaN	12
2016_04_15_1_51_PM	41013.5355116010	30606	0	753708	13	15000	2	15000	99				0	Lab	LAB2.JPG	Fruit	FRT3.JPG	0	13	100	0	0	0	NaN	NaN	13
2016_04_15_1_52_PM	41013.5361347038	30606	0	807525	14	7817	0	7817	1	Fruit	FRT1.JPG		0	Lab	LAB5.JPG	Fruit	FRT1.JPG	1	13	93	7	0	1	0	100	14
2016_04_15_1_52_PM	41013.5361627957	30606	0	809971	14	10263	1	10263	99				0	LAB5.JPG		FRT1.JPG		1	13	93	7	0	1	0	100	15
2016_04_15_1_52_PM	41013.5361721712	30606	0	810780	14	11072	1	11072	99				0					1	13	93	7	0	1	0	100	16
2016_04_15_1_53_PM	41013.5369041228	30606	0	873983	15	13275	0	13275	0	Lab	LAB4.JPG	1	1	Lab	LAB4.JPG	Fruit	FRT4.JPG	2	13	87	13	1	1	50	50	17
2016_04_15_1_53_PM	41013.5369166004	30606	0	875100	15	14392	1	14392	99				1	LAB4.JPG		FRT4.JPG		2	13	87	13	1	1	50	50	18
2016_04_15_1_54_PM	41013.5376296620	30606	0	936708	16	15000	2	15000	99				1	Lab	LAB1.JPG	Fruit	FRT2.JPG	2	14	88	12	1	1	50	50	19
2016_04_15_1_55_PM	41013.5383356746	30606	0	997708	17	15000	2	15000	99				1	Lab	LAB3.JPG	Fruit	FRT6.JPG	2	15	88	12	1	1	50	50	20
2016_04_15_1_56_PM	41013.5390416872	30606	0	1058707	18	15000	2	15000	99				1	Lab	LAB6.JPG	Fruit	FRT5.JPG	2	16	89	11	1	1	50	50	21
2016_04_15_1_57_PM	41013.5398171482	30606	0	1125707	19	15000	2	15000	99				1	Affiliative	AFF1.JPG	Nature	NAT3.JPG	2	17	89	11	1	1	50	50	22
2016_04_15_1_58_PM	41013.5405231608	30606	0	1186707	20	15000	2	15000	99				1	Affiliative	AFF4.JPG	Nature	NAT4.JPG	2	18	90	10	1	1	50	50	23
2016_04_15_1_59_PM	41013.5412291850	30606	0	1247707	21	15000	2	15000	99				1	Affiliative	AFF5.JPG	Nature	NAT2.JPG	2	19	90	10	1	1	50	50	24
2016_04_15_2_00_PM	41013.5419351976	30606	0	1308707	22	15000	2	15000	99				1	Affiliative	AFF6.JPG	Nature	NAT1.JPG	2	20	91	9	1	1	50	50	25
2016_04_15_2_01_PM	41013.5426412218	30606	0	1369707	23	15000	2	15000	99				1	Affiliative	AFF2.JPG	Nature	NAT6.JPG	2	21	91	9	1	1	50	50	26
2016_04_15_2_02_PM	41013.5433472344	30606	0	1430707	24	15000	2	15000	99				1	Affiliative	AFF3.JPG	Nature	NAT5.JPG	2	22	92	8	1	1	50	50	27
2016_04_15_2_03_PM	41013.5440532586	30606	0	1491707	25	15000	2	15000	99				1	Nature	NAT5.JPG	Lab	LAB4.JPG	2	23	92	8	1	1	50	50	28
2016_04_15_2_04_PM	41013.5447592712	30606	0	1552707	26	15000	2	15000	99				1	Nature	NAT1.JPG	Lab	LAB5.JPG	2	24	92	8	1	1	50	50	29
2016_04_15_2_05_PM	41013.5454652953	30606	0	1613707	27	15000	2	15000	99				1	Nature	NAT6.JPG	Lab	LAB1.JPG	2	25	93	7	1	1	50	50	30
2016_04_15_2_06_PM	41013.5461713311	30606	0	1674708	28	15000	2	15000	99				1	Nature	NAT4.JPG	Lab	LAB3.JPG	2	26	93	7	1	1	50	50	31
2016_04_15_2_07_PM	41013.5468773437	30606	0	1735708	29	15000	2	15000	99				1	Nature	NAT2.JPG	Lab	LAB6.JPG	2	27	93	7	1	1	50	50	32
2016_04_15_2_08_PM	41013.5475833679	30606	0	1796708	30	15000	2	15000	99				1	Nature	NAT3.JPG	Lab	LAB2.JPG	2	28	93	7	1	1	50	50	33
2016_04_15_2_09_PM	41013.5482893689	30606	0	1857707	31	15000	2	15000	99				1	Cynomolgus	CYN3.JPG	Nature	NAT1.JPG	2	29	94	6	1	1	50	50	34
2016_04_15_2_10_PM	41013.5489953931	30606	0	1918707	32	15000	2	15000	99				1	Cynomolgus	CYN4.JPG	Nature	NAT3.JPG	2	30	94	6	1	1	50	50	35
2016_04_15_2_11_PM	41013.5497014057	30606	0	1979707	33	15000	2	15000	99				1	Cynomolgus	CYN5.JPG	Nature	NAT5.JPG	2	31	94	6	1	1	50	50	36
2016_04_15_2_12_PM	41013.5504074299	30606	0	2040707	34	15000	2	15000	99				1	Cynomolgus	CYN6.JPG	Nature	NAT4.JPG	2	32	94	6	1	1	50	50	37
2016_04_15_2_13_PM	41013.5511134425	30606	0	2101707	35	15000	2	15000	99				1	Cynomolgus	CYN2.JPG	Nature	NAT6.JPG	2	33	94	6	1	1	50	50	38
2016_04_15_2_14_PM	41013.5518194667	30606	0	2162707	36	15000	2	15000	99				1	Cynomolgus	CYN1.JPG	Nature	NAT2.JPG	2	34	94	6	1	1	50	50	39
2016_04_15_2_15_PM	41013.5525949277	30606	0	2229707	37	15000	2	15000	99				1	Cynomolgus	CYN5.JPG	Fruit	FRT6.JPG	2	35	95	5	1	1	50	50	40
2016_04_15_2_16_PM	41013.5533009403	30606	0	2290707	38	15000	2	15000	99				1	Cynomolgus	CYN2.JPG	Fruit	FRT4.JPG	2	36	95	5	1	1	50	50	41
2016_04_15_2_17_PM	41013.5540069645	30606	0	2351707	39	15000	2	15000	99				1	Cynomolgus	CYN3.JPG	Fruit	FRT5.JPG	2	37	95	5	1	1	50	50	42
2016_04_15_2_18_PM	41013.5547129771	30606	0	2412707	40	15000	2	15000	99				1	Cynomolgus	CYN6.JPG	Fruit	FRT2.JPG	2	38	95	5	1	1	50	50	43
2016_04_15_2_19_PM	41013.5554086071	30606	0	2472790	41	14083	0	14083	1	Fruit	FRT1.JPG	1	2	Cynomolgus	CYN1.JPG	Fruit	FRT1.JPG	3	38	93	7	1	2	33	67	44
2016_04_15_2_20_PM	41013.5561250254	30606	0	2534708	42	15000	2	15000	99				2	Cynomolgus	CYN4.JPG	Fruit	FRT3.JPG	3	39	93	7	1	2	33	67	45
2016_04_15_2_21_PM	41013.5568310380	30606	0	2595707	43	15000	2	15000	99				2	Cynomolgus	CYN6.JPG	Aggressive	AGG3.JPG	3	40	93	7	1	2	33	67	46
2016_04_15_2_22_PM	41013.5575370506	30606	0	2656707	44	15000	2	15000	99				2	Cynomolgus	CYN5.JPG	Aggressive	AGG6.JPG	3	41	93	7	1	2	33	67	47
2016_04_15_2_23_PM	41013.5582430748	30606	0	2717707	45	15000	2	15000	99				2	Cynomolgus	CYN3.JPG	Aggressive	AGG2.JPG	3	42	93	7	1	2	33	67	48
2016_04_15_2_24_PM	41013.5589490874	30606	0	2778707	46	15000	2	15000	99				2	Cynomolgus	CYN2.JPG	Aggressive	AGG4.JPG	3	43	93	7	1	2	33	67	49
2016_04_15_2_25_PM	41013.5596551116	30606	0	2839707	47	15000	2	15000	99				2	Cynomolgus	CYN4.JPG	Aggressive	AGG1.JPG	3	44	94	6	1	2	33	67	50
2016_04_15_2_26_PM	41013.5603611242	30606	0	2900707	48	15000	2	15000	99				2	Cynomolgus	CYN1.JPG	Aggressive	AGG5.JPG	3	45	94	6	1	2	33	67	51
2016_04_15_2_27_PM	41013.5610671599	30606	0	2961708	49	15000	2	15000	99				2	Lab	LAB2.JPG	Aggressive	AGG6.JPG	3	46	94	6	1	2	33	67	52
2016_04_15_2_28_PM	41013.5617731725	30606	0	3022708	50	15000	2	15000	99				2	Lab	LAB4.JPG	Aggressive	AGG4.JPG	3	47	94	6	1	2	33	67	53
2016_04_15_2_29_PM	41013.5624791852	30606	0	3083707	51	15000	2	15000	99				2	Lab	LAB1.JPG	Aggressive	AGG5.JPG	3	48	94	6	1	2	33	67	54
2016_04_15_2_30_PM	41013.5631852093	30606	0	3144708	52	15000	2	15000	99				2	Lab	LAB6.JPG	Aggressive	AGG2.JPG	3	49	94	6	1	2	33	67	55
2016_04_15_2_32_PM	41013.5638912335	30606	0	3205708	53	15000	2	15000	99				2	Lab	LAB3.JPG	Aggressive	AGG3.JPG	3	50	94	6	1	2	33	67	56
2016_04_15_2_33_PM	41013.5645972461	30606	0	3266708	54	15000	2	15000	99				2	Lab	LAB5.JPG	Aggressive	AGG1.JPG	3	51	94	6	1	2	33	67	57
Date	Time	Monkey	Panel	Sess Time	Trial	Trial Time	code (0 grid touch, 1 large pix touch, 2 failed trial)	Latency to grid touch	Grid Choice	Category	Picture	Switch?	Switch count	Left categ	Left picture	Right categ	Right picture	Correct Trials	Failed Trials	% Failed	% success	Correct Trials Left	Correct Trials Right	% left choice	% right choice	record number
2016_04_15_1_42_PM	41013.5294540071	30194	1	21459	1	15000	2	15000	99				0	Affiliative	AFF4.JPG	Aggressive	AGG2.JPG	0	1	100	0	0	0	NaN	NaN	1
2016_04_15_1_43_PM	41013.5301600313	30194	1	82459	2	15000	2	15000	99				0	Affiliative	AFF5.JPG	Aggressive	AGG1.JPG	0	2	100	0	0	0	NaN	NaN	2
2016_04_15_1_44_PM	41013.5308660323	30194	1	143458	3	15000	2	15000	99				0	Affiliative	AFF1.JPG	Aggressive	AGG5.JPG	0	3	100	0	0	0	NaN	NaN	3
2016_04_15_1_45_PM	41013.5315720565	30194	1	204458	4	15000	2	15000	99				0	Affiliative	AFF3.JPG	Aggressive	AGG3.JPG	0	4	100	0	0	0	NaN	NaN	4
2016_04_15_1_46_PM	41013.5322780691	30194	1	265458	5	15000	2	15000	99				0	Affiliative	AFF6.JPG	Aggressive	AGG4.JPG	0	5	100	0	0	0	NaN	NaN	5
2016_04_15_1_47_PM	41013.5329840933	30194	1	326458	6	15000	2	15000	99				0	Affiliative	AFF2.JPG	Aggressive	AGG6.JPG	0	6	100	0	0	0	NaN	NaN	6
2016_04_15_1_48_PM	41013.5336901059	30194	1	387458	7	15000	2	15000	99				0	Cynomolgus	CYN4.JPG	Nature	NAT1.JPG	0	7	100	0	0	0	NaN	NaN	7
2016_04_15_1_49_PM	41013.5343961301	30194	1	448458	8	15000	2	15000	99				0	Cynomolgus	CYN1.JPG	Nature	NAT5.JPG	0	8	100	0	0	0	NaN	NaN	8
2016_04_15_1_50_PM	41013.5351021427	30194	1	509458	9	15000	2	15000	99				0	Cynomolgus	CYN6.JPG	Nature	NAT6.JPG	0	9	100	0	0	0	NaN	NaN	9
2016_04_15_1_51_PM	41013.5358081668	30194	1	570458	10	15000	2	15000	99				0	Cynomolgus	CYN5.JPG	Nature	NAT3.JPG	0	10	100	0	0	0	NaN	NaN	10
2016_04_15_1_52_PM	41013.5365141794	30194	1	631458	11	15000	2	15000	99				0	Cynomolgus	CYN3.JPG	Nature	NAT4.JPG	0	11	100	0	0	0	NaN	NaN	11
2016_04_15_1_53_PM	41013.5372202036	30194	1	692458	12	15000	2	15000	99				0	Cynomolgus	CYN2.JPG	Nature	NAT2.JPG	0	12	100	0	0	0	NaN	NaN	12
2016_04_15_1_54_PM	41013.5379262162	30194	1	753458	13	15000	2	15000	99				0	Lab	LAB5.JPG	Fruit	FRT4.JPG	0	13	100	0	0	0	NaN	NaN	13
2016_04_15_1_55_PM	41013.5386322404	30194	1	814458	14	15000	2	15000	99				0	Lab	LAB2.JPG	Fruit	FRT5.JPG	0	14	100	0	0	0	NaN	NaN	14
2016_04_15_1_56_PM	41013.5393382530	30194	1	875458	15	15000	2	15000	99				0	Lab	LAB6.JPG	Fruit	FRT1.JPG	0	15	100	0	0	0	NaN	NaN	15
2016_04_15_1_57_PM	41013.5400442772	30194	1	936458	16	15000	2	15000	99				0	Lab	LAB3.JPG	Fruit	FRT6.JPG	0	16	100	0	0	0	NaN	NaN	16
2016_04_15_1_58_PM	41013.5407502782	30194	1	997457	17	15000	2	15000	99				0	Lab	LAB4.JPG	Fruit	FRT2.JPG	0	17	100	0	0	0	NaN	NaN	17
2016_04_15_1_59_PM	41013.5414563024	30194	1	1058457	18	15000	2	15000	99				0	Lab	LAB1.JPG	Fruit	FRT3.JPG	0	18	100	0	0	0	NaN	NaN	18
2016_04_15_2_00_PM	41013.5422124336	30194	1	1123765	19	13308	0	13308	0	Fruit	FRT2.JPG		0	Fruit	FRT2.JPG	Cynomolgus	CYN6.JPG	1	18	95	5	1	0	100	0	19
2016_04_15_2_00_PM	41013.5423007720	30194	1	1131418	19	20961	1	20961	99				0	FRT2.JPG		CYN6.JPG		1	18	95	5	1	0	100	0	20
2016_04_15_2_01_PM	41013.5429377760	30194	1	1186457	20	15000	2	15000	99				0	Fruit	FRT3.JPG	Cynomolgus	CYN3.JPG	1	19	95	5	1	0	100	0	21
2016_04_15_2_02_PM	41013.5436438002	30194	1	1247457	21	15000	2	15000	99				0	Fruit	FRT4.JPG	Cynomolgus	CYN2.JPG	1	20	95	5	1	0	100	0	22
2016_04_15_2_03_PM	41013.5443498128	30194	1	1308457	22	15000	2	15000	99				0	Fruit	FRT1.JPG	Cynomolgus	CYN5.JPG	1	21	95	5	1	0	100	0	23
2016_04_15_2_04_PM	41013.5450558370	30194	1	1369457	23	15000	2	15000	99				0	Fruit	FRT5.JPG	Cynomolgus	CYN1.JPG	1	22	96	4	1	0	100	0	24
2016_04_15_2_05_PM	41013.5457618496	30194	1	1430457	24	15000	2	15000	99				0	Fruit	FRT6.JPG	Cynomolgus	CYN4.JPG	1	23	96	4	1	0	100	0	25
2016_04_15_2_06_PM	41013.5464678738	30194	1	1491457	25	15000	2	15000	99				0	Nature	NAT3.JPG	Affiliative	AFF3.JPG	1	24	96	4	1	0	100	0	26
2016_04_15_2_07_PM	41013.5471738979	30194	1	1552457	26	15000	2	15000	99				0	Nature	NAT6.JPG	Affiliative	AFF2.JPG	1	25	96	4	1	0	100	0	27
2016_04_15_2_08_PM	41013.5478799105	30194	1	1613457	27	15000	2	15000	99				0	Nature	NAT1.JPG	Affiliative	AFF6.JPG	1	26	96	4	1	0	100	0	28
2016_04_15_2_09_PM	41013.5485859347	30194	1	1674457	28	15000	2	15000	99				0	Nature	NAT2.JPG	Affiliative	AFF4.JPG	1	27	96	4	1	0	100	0	29
2016_04_15_2_10_PM	41013.5492919473	30194	1	1735457	29	15000	2	15000	99				0	Nature	NAT5.JPG	Affiliative	AFF1.JPG	1	28	97	3	1	0	100	0	30
2016_04_15_2_12_PM	41013.5499979715	30194	1	1796457	30	15000	2	15000	99				0	Nature	NAT4.JPG	Affiliative	AFF5.JPG	1	29	97	3	1	0	100	0	31
2016_04_15_2_13_PM	41013.5507039841	30194	1	1857457	31	15000	2	15000	99				0	Affiliative	AFF6.JPG	Cynomolgus	CYN2.JPG	1	30	97	3	1	0	100	0	32
2016_04_15_2_14_PM	41013.5514100083	30194	1	1918457	32	15000	2	15000	99				0	Affiliative	AFF3.JPG	Cynomolgus	CYN4.JPG	1	31	97	3	1	0	100	0	33
2016_04_15_2_15_PM	41013.5521160209	30194	1	1979457	33	15000	2	15000	99				0	Affiliative	AFF2.JPG	Cynomolgus	CYN6.JPG	1	32	97	3	1	0	100	0	34
2016_04_15_2_16_PM	41013.5528220451	30194	1	2040457	34	15000	2	15000	99				0	Affiliative	AFF5.JPG	Cynomolgus	CYN3.JPG	1	33	97	3	1	0	100	0	35
2016_04_15_2_17_PM	41013.5535280577	30194	1	2101457	35	15000	2	15000	99				0	Affiliative	AFF4.JPG	Cynomolgus	CYN1.JPG	1	34	97	3	1	0	100	0	36
2016_04_15_2_18_PM	41013.5542340819	30194	1	2162457	36	15000	2	15000	99				0	Affiliative	AFF1.JPG	Cynomolgus	CYN5.JPG	1	35	97	3	1	0	100	0	37
2016_04_15_2_19_PM	41013.5550095429	30194	1	2229457	37	15000	2	15000	99				0	Lab	LAB2.JPG	Aggressive	AGG6.JPG	1	36	97	3	1	0	100	0	38
2016_04_15_2_20_PM	41013.5557155671	30194	1	2290458	38	15000	2	15000	99				0	Lab	LAB3.JPG	Aggressive	AGG5.JPG	1	37	97	3	1	0	100	0	39
2016_04_15_2_21_PM	41013.5564215912	30194	1	2351458	39	15000	2	15000	99				0	Lab	LAB4.JPG	Aggressive	AGG4.JPG	1	38	97	3	1	0	100	0	40
2016_04_15_2_22_PM	41013.5571275923	30194	1	2412457	40	15000	2	15000	99				0	Lab	LAB1.JPG	Aggressive	AGG2.JPG	1	39	98	2	1	0	100	0	41
2016_04_15_2_23_PM	41013.5578336164	30194	1	2473457	41	15000	2	15000	99				0	Lab	LAB6.JPG	Aggressive	AGG3.JPG	1	40	98	2	1	0	100	0	42
2016_04_15_2_24_PM	41013.5585396290	30194	1	2534457	42	15000	2	15000	99				0	Lab	LAB5.JPG	Aggressive	AGG1.JPG	1	41	98	2	1	0	100	0	43
2016_04_15_2_25_PM	41013.5592456532	30194	1	2595457	43	15000	2	15000	99				0	Nature	NAT5.JPG	Lab	LAB2.JPG	1	42	98	2	1	0	100	0	44
2016_04_15_2_26_PM	41013.5599516658	30194	1	2656457	44	15000	2	15000	99				0	Nature	NAT2.JPG	Lab	LAB5.JPG	1	43	98	2	1	0	100	0	45
2016_04_15_2_27_PM	41013.5606577016	30194	1	2717458	45	15000	2	15000	99				0	Nature	NAT1.JPG	Lab	LAB3.JPG	1	44	98	2	1	0	100	0	46
2016_04_15_2_28_PM	41013.5613637142	30194	1	2778458	46	15000	2	15000	99				0	Nature	NAT4.JPG	Lab	LAB1.JPG	1	45	98	2	1	0	100	0	47
2016_04_15_2_29_PM	41013.5620697268	30194	1	2839457	47	15000	2	15000	99				0	Nature	NAT6.JPG	Lab	LAB4.JPG	1	46	98	2	1	0	100	0	48
2016_04_15_2_30_PM	41013.5627757394	30194	1	2900457	48	15000	2	15000	99				0	Nature	NAT3.JPG	Lab	LAB6.JPG	1	47	98	2	1	0	100	0	49
2016_04_15_2_31_PM	41013.5634817636	30194	1	2961457	49	15000	2	15000	99				0	Aggressive	AGG4.JPG	Fruit	FRT1.JPG	1	48	98	2	1	0	100	0	50
2016_04_15_2_32_PM	41013.5641877762	30194	1	3022457	50	15000	2	15000	99				0	Aggressive	AGG6.JPG	Fruit	FRT3.JPG	1	49	98	2	1	0	100	0	51
2016_04_15_2_33_PM	41013.5648938004	30194	1	3083457	51	15000	2	15000	99				0	Aggressive	AGG5.JPG	Fruit	FRT5.JPG	1	50	98	2	1	0	100	0	52
2016_04_15_2_34_PM	41013.5655998130	30194	1	3144457	52	15000	2	15000	99				0	Aggressive	AGG2.JPG	Fruit	FRT4.JPG	1	51	98	2	1	0	100	0	53
2016_04_15_2_35_PM	41013.5663058371	30194	1	3205457	53	15000	2	15000	99				0	Aggressive	AGG3.JPG	Fruit	FRT6.JPG	1	52	98	2	1	0	100	0	54
2016_04_15_2_36_PM	41013.5670118497	30194	1	3266457	54	15000	2	15000	99				0	Aggressive	AGG1.JPG	Fruit	FRT2.JPG	1	53	98	2	1	0	100	0	55
Date	Time	Monkey	Panel	Sess Time	Trial	Trial Time	code (0 grid touch, 1 large pix touch, 2 failed trial)	Latency to grid touch	Grid Choice	Category	Picture	Switch?	Switch count	Left categ	Left picture	Right categ	Right picture	Correct Trials	Failed Trials	% Failed	% success	Correct Trials Left	Correct Trials Right	% left choice	% right choice	record number
2016_04_15_1_41_PM	41013.5286018346	30581	2	21877	1	15000	2	15000	99				0	Nature	NAT3.JPG	Lab	LAB1.JPG	0	1	100	0	0	0	NaN	NaN	1
2016_04_15_1_42_PM	41013.5293078356	30581	2	82875	2	15000	2	15000	99				0	Nature	NAT1.JPG	Lab	LAB4.JPG	0	2	100	0	0	0	NaN	NaN	2
2016_04_15_1_43_PM	41013.5300138482	30581	2	143875	3	15000	2	15000	99				0	Nature	NAT4.JPG	Lab	LAB3.JPG	0	3	100	0	0	0	NaN	NaN	3
2016_04_15_1_44_PM	41013.5307198724	30581	2	204875	4	15000	2	15000	99				0	Nature	NAT5.JPG	Lab	LAB5.JPG	0	4	100	0	0	0	NaN	NaN	4
2016_04_15_1_45_PM	41013.5314258735	30581	2	265874	5	15000	2	15000	99				0	Nature	NAT6.JPG	Lab	LAB2.JPG	0	5	100	0	0	0	NaN	NaN	5
2016_04_15_1_46_PM	41013.5321318976	30581	2	326874	6	15000	2	15000	99				0	Nature	NAT2.JPG	Lab	LAB6.JPG	0	6	100	0	0	0	NaN	NaN	6
2016_04_15_1_47_PM	41013.5328379102	30581	2	387874	7	15000	2	15000	99				0	Fruit	FRT1.JPG	Nature	NAT3.JPG	0	7	100	0	0	0	NaN	NaN	7
2016_04_15_1_48_PM	41013.5335439344	30581	2	448874	8	15000	2	15000	99				0	Fruit	FRT2.JPG	Nature	NAT6.JPG	0	8	100	0	0	0	NaN	NaN	8
2016_04_15_1_49_PM	41013.5342499470	30581	2	509874	9	15000	2	15000	99				0	Fruit	FRT4.JPG	Nature	NAT4.JPG	0	9	100	0	0	0	NaN	NaN	9
2016_04_15_1_50_PM	41013.5349559712	30581	2	570874	10	15000	2	15000	99				0	Fruit	FRT3.JPG	Nature	NAT5.JPG	0	10	100	0	0	0	NaN	NaN	10
2016_04_15_1_51_PM	41013.5356619838	30581	2	631874	11	15000	2	15000	99				0	Fruit	FRT6.JPG	Nature	NAT2.JPG	0	11	100	0	0	0	NaN	NaN	11
2016_04_15_1_52_PM	41013.5363680080	30581	2	692874	12	15000	2	15000	99				0	Fruit	FRT5.JPG	Nature	NAT1.JPG	0	12	100	0	0	0	NaN	NaN	12
2016_04_15_1_53_PM	41013.5370740206	30581	2	753874	13	15000	2	15000	99				0	Cynomolgus	CYN4.JPG	Affiliative	AFF3.JPG	0	13	100	0	0	0	NaN	NaN	13
2016_04_15_1_54_PM	41013.5377800448	30581	2	814874	14	15000	2	15000	99				0	Cynomolgus	CYN1.JPG	Affiliative	AFF4.JPG	0	14	100	0	0	0	NaN	NaN	14
2016_04_15_1_55_PM	41013.5384860574	30581	2	875874	15	15000	2	15000	99				0	Cynomolgus	CYN3.JPG	Affiliative	AFF1.JPG	0	15	100	0	0	0	NaN	NaN	15
2016_04_15_1_56_PM	41013.5391920815	30581	2	936874	16	15000	2	15000	99				0	Cynomolgus	CYN5.JPG	Affiliative	AFF6.JPG	0	16	100	0	0	0	NaN	NaN	16
2016_04_15_1_57_PM	41013.5398980941	30581	2	997874	17	15000	2	15000	99				0	Cynomolgus	CYN6.JPG	Affiliative	AFF5.JPG	0	17	100	0	0	0	NaN	NaN	17
2016_04_15_1_58_PM	41013.5406041183	30581	2	1058874	18	15000	2	15000	99				0	Cynomolgus	CYN2.JPG	Affiliative	AFF2.JPG	0	18	100	0	0	0	NaN	NaN	18
2016_04_15_1_59_PM	41013.5413795793	30581	2	1125874	19	15000	2	15000	99				0	Lab	LAB6.JPG	Affiliative	AFF2.JPG	0	19	100	0	0	0	NaN	NaN	19
2016_04_15_2_00_PM	41013.5420856035	30581	2	1186875	20	15000	2	15000	99				0	Lab	LAB5.JPG	Affiliative	AFF1.JPG	0	20	100	0	0	0	NaN	NaN	20
2016_04_15_2_01_PM	41013.5427916277	30581	2	1247875	21	15000	2	15000	99				0	Lab	LAB3.JPG	Affiliative	AFF4.JPG	0	21	100	0	0	0	NaN	NaN	21
2016_04_15_2_02_PM	41013.5434976403	30581	2	1308875	22	15000	2	15000	99				0	Lab	LAB1.JPG	Affiliative	AFF5.JPG	0	22	100	0	0	0	NaN	NaN	22
2016_04_15_2_03_PM	41013.5442036645	30581	2	1369875	23	15000	2	15000	99				0	Lab	LAB4.JPG	Affiliative	AFF6.JPG	0	23	100	0	0	0	NaN	NaN	23
2016_04_15_2_04_PM	41013.5449096771	30581	2	1430875	24	15000	2	15000	99				0	Lab	LAB2.JPG	Affiliative	AFF3.JPG	0	24	100	0	0	0	NaN	NaN	24
2016_04_15_2_05_PM	41013.5456157013	30581	2	1491875	25	15000	2	15000	99				0	Cynomolgus	CYN1.JPG	Nature	NAT3.JPG	0	25	100	0	0	0	NaN	NaN	25
2016_04_15_2_06_PM	41013.5463217139	30581	2	1552875	26	15000	2	15000	99				0	Cynomolgus	CYN5.JPG	Nature	NAT4.JPG	0	26	100	0	0	0	NaN	NaN	26
2016_04_15_2_07_PM	41013.5470277381	30581	2	1613875	27	15000	2	15000	99				0	Cynomolgus	CYN4.JPG	Nature	NAT2.JPG	0	27	100	0	0	0	NaN	NaN	27
2016_04_15_2_08_PM	41013.5477337507	30581	2	1674874	28	15000	2	15000	99				0	Cynomolgus	CYN6.JPG	Nature	NAT6.JPG	0	28	100	0	0	0	NaN	NaN	28
2016_04_15_2_09_PM	41013.5484397748	30581	2	1735875	29	15000	2	15000	99				0	Cynomolgus	CYN2.JPG	Nature	NAT1.JPG	0	29	100	0	0	0	NaN	NaN	29
2016_04_15_2_10_PM	41013.5491457990	30581	2	1796875	30	15000	2	15000	99				0	Cynomolgus	CYN3.JPG	Nature	NAT5.JPG	0	30	100	0	0	0	NaN	NaN	30
2016_04_15_2_11_PM	41013.5498518000	30581	2	1857874	31	15000	2	15000	99				0	Aggressive	AGG2.JPG	Affiliative	AFF3.JPG	0	31	100	0	0	0	NaN	NaN	31
2016_04_15_2_12_PM	41013.5505578358	30581	2	1918875	32	15000	2	15000	99				0	Aggressive	AGG1.JPG	Affiliative	AFF6.JPG	0	32	100	0	0	0	NaN	NaN	32
2016_04_15_2_13_PM	41013.5512638484	30581	2	1979875	33	15000	2	15000	99				0	Aggressive	AGG6.JPG	Affiliative	AFF5.JPG	0	33	100	0	0	0	NaN	NaN	33
2016_04_15_2_14_PM	41013.5519698610	30581	2	2040874	34	15000	2	15000	99				0	Aggressive	AGG3.JPG	Affiliative	AFF1.JPG	0	34	100	0	0	0	NaN	NaN	34
2016_04_15_2_15_PM	41013.5526758852	30581	2	2101875	35	15000	2	15000	99				0	Aggressive	AGG5.JPG	Affiliative	AFF4.JPG	0	35	100	0	0	0	NaN	NaN	35
2016_04_15_2_16_PM	41013.5533818978	30581	2	2162874	36	15000	2	15000	99				0	Aggressive	AGG4.JPG	Affiliative	AFF2.JPG	0	36	100	0	0	0	NaN	NaN	36
2016_04_15_2_17_PM	41013.5541573704	30581	2	2229875	37	15000	2	15000	99				0	Aggressive	AGG5.JPG	Cynomolgus	CYN5.JPG	0	37	100	0	0	0	NaN	NaN	37
2016_04_15_2_19_PM	41013.5548633830	30581	2	2290875	38	15000	2	15000	99				0	Aggressive	AGG6.JPG	Cynomolgus	CYN2.JPG	0	38	100	0	0	0	NaN	NaN	38
2016_04_15_2_20_PM	41013.5555693956	30581	2	2351874	39	15000	2	15000	99				0	Aggressive	AGG1.JPG	Cynomolgus	CYN3.JPG	0	39	100	0	0	0	NaN	NaN	39
2016_04_15_2_21_PM	41013.5562754198	30581	2	2412875	40	15000	2	15000	99				0	Aggressive	AGG4.JPG	Cynomolgus	CYN1.JPG	0	40	100	0	0	0	NaN	NaN	40
2016_04_15_2_22_PM	41013.5569814439	30581	2	2473875	41	15000	2	15000	99				0	Aggressive	AGG3.JPG	Cynomolgus	CYN6.JPG	0	41	100	0	0	0	NaN	NaN	41
2016_04_15_2_23_PM	41013.5576874565	30581	2	2534875	42	15000	2	15000	99				0	Aggressive	AGG2.JPG	Cynomolgus	CYN4.JPG	0	42	100	0	0	0	NaN	NaN	42
2016_04_15_2_24_PM	41013.5583934807	30581	2	2595875	43	15000	2	15000	99				0	Lab	LAB2.JPG	Fruit	FRT5.JPG	0	43	100	0	0	0	NaN	NaN	43
2016_04_15_2_25_PM	41013.5590994933	30581	2	2656875	44	15000	2	15000	99				0	Lab	LAB3.JPG	Fruit	FRT2.JPG	0	44	100	0	0	0	NaN	NaN	44
2016_04_15_2_26_PM	41013.5598055175	30581	2	2717875	45	15000	2	15000	99				0	Lab	LAB1.JPG	Fruit	FRT1.JPG	0	45	100	0	0	0	NaN	NaN	45
2016_04_15_2_27_PM	41013.5605115301	30581	2	2778875	46	15000	2	15000	99				0	Lab	LAB5.JPG	Fruit	FRT6.JPG	0	46	100	0	0	0	NaN	NaN	46
2016_04_15_2_28_PM	41013.5612175543	30581	2	2839875	47	15000	2	15000	99				0	Lab	LAB4.JPG	Fruit	FRT4.JPG	0	47	100	0	0	0	NaN	NaN	47
2016_04_15_2_29_PM	41013.5619235669	30581	2	2900875	48	15000	2	15000	99				0	Lab	LAB6.JPG	Fruit	FRT3.JPG	0	48	100	0	0	0	NaN	NaN	48
2016_04_15_2_30_PM	41013.5626295911	30581	2	2961875	49	15000	2	15000	99				0	Aggressive	AGG5.JPG	Fruit	FRT3.JPG	0	49	100	0	0	0	NaN	NaN	49
2016_04_15_2_31_PM	41013.5633355921	30581	2	3022874	50	15000	2	15000	99				0	Aggressive	AGG3.JPG	Fruit	FRT6.JPG	0	50	100	0	0	0	NaN	NaN	50
2016_04_15_2_32_PM	41013.5640416279	30581	2	3083875	51	15000	2	15000	99				0	Aggressive	AGG1.JPG	Fruit	FRT1.JPG	0	51	100	0	0	0	NaN	NaN	51
2016_04_15_2_33_PM	41013.5646836090	30581	2	3139320	52	9445	0	9445	1	Fruit	FRT5.JPG		0	Aggressive	AGG2.JPG	Fruit	FRT5.JPG	1	51	98	2	0	1	0	100	52
2016_04_15_2_34_PM	41013.5654536646	30581	2	3205875	53	15000	2	15000	99				0	Aggressive	AGG6.JPG	Fruit	FRT4.JPG	1	52	98	2	0	1	0	100	53
2016_04_15_2_35_PM	41013.5660206531	30581	2	3254841	54	2967	0	2967	1	Fruit	FRT2.JPG		0	Aggressive	AGG4.JPG	Fruit	FRT2.JPG	2	52	96	4	0	2	0	100	54
Date	Time	Monkey	Panel	Sess Time	Trial	Trial Time	code (0 grid touch, 1 large pix touch, 2 failed trial)	Latency to grid touch	Grid Choice	Category	Picture	Switch?	Switch count	Left categ	Left picture	Right categ	Right picture	Correct Trials	Failed Trials	% Failed	% success	Correct Trials Left	Correct Trials Right	% left choice	% right choice	record number
2016_04_15_1_40_PM	41013.5279493574	30578	3	21854	1	15000	2	15000	99				0	Fruit	FRT5.JPG	Cynomolgus	CYN1.JPG	0	1	100	0	0	0	NaN	NaN	1
2016_04_15_1_41_PM	41013.5286553816	30578	3	82854	2	15000	2	15000	99				0	Fruit	FRT3.JPG	Cynomolgus	CYN3.JPG	0	2	100	0	0	0	NaN	NaN	2
2016_04_15_1_42_PM	41013.5292677777	30578	3	135740	3	6886	0	6886	1	Cynomolgus	CYN2.JPG		0	Fruit	FRT1.JPG	Cynomolgus	CYN2.JPG	1	2	67	33	0	1	0	100	3
2016_04_15_1_42_PM	41013.5293162527	30578	3	139954	3	11100	1	11100	99				0	FRT1.JPG		CYN2.JPG		1	2	67	33	0	1	0	100	4
2016_04_15_1_43_PM	41013.5300299973	30578	3	201598	4	11744	0	11744	0	Fruit	FRT4.JPG	1	1	Fruit	FRT4.JPG	Cynomolgus	CYN5.JPG	2	2	50	50	1	1	50	50	5
2016_04_15_1_43_PM	41013.5300339674	30578	3	201962	4	12108	1	12108	99				1	FRT4.JPG		CYN5.JPG		2	2	50	50	1	1	50	50	6
2016_04_15_1_44_PM	41013.5306433773	30578	3	254594	5	3740	0	3740	1	Cynomolgus	CYN6.JPG	1	2	Fruit	FRT6.JPG	Cynomolgus	CYN6.JPG	3	2	40	60	1	2	33	67	7
2016_04_15_1_45_PM	41013.5314794552	30578	3	326854	6	15000	2	15000	99				2	Fruit	FRT2.JPG	Cynomolgus	CYN4.JPG	3	3	50	50	1	2	33	67	8
2016_04_15_1_46_PM	41013.5320747323	30578	3	378263	7	5409	0	5409	0	Affiliative	AFF6.JPG	1	3	Affiliative	AFF6.JPG	Lab	LAB2.JPG	4	3	43	57	2	2	50	50	9
2016_04_15_1_47_PM	41013.5327652463	30578	3	437923	8	4069	0	4069	0	Affiliative	AFF2.JPG		3	Affiliative	AFF2.JPG	Lab	LAB3.JPG	5	3	38	62	3	2	60	40	10
2016_04_15_1_48_PM	41013.5335047909	30578	3	501820	9	6966	0	6966	0	Affiliative	AFF5.JPG		3	Affiliative	AFF5.JPG	Lab	LAB4.JPG	6	3	33	67	4	2	67	33	11
2016_04_15_1_49_PM	41013.5341438784	30578	3	557036	10	1183	0	1183	0	Affiliative	AFF1.JPG		3	Affiliative	AFF1.JPG	Lab	LAB6.JPG	7	3	30	70	5	2	71	29	12
2016_04_15_1_49_PM	41013.5341615646	30578	3	558587	10	2734	1	2734	99				3	AFF1.JPG		LAB6.JPG		7	3	30	70	5	2	71	29	13
2016_04_15_1_49_PM	41013.5341947841	30578	3	561459	10	5606	1	5606	99				3					7	3	30	70	5	2	71	29	14
2016_04_15_1_50_PM	41013.5348650076	30578	3	619320	11	2466	0	2466	1	Lab	LAB1.JPG	1	4	Affiliative	AFF3.JPG	Lab	LAB1.JPG	8	3	27	73	5	3	62	38	15
2016_04_15_1_51_PM	41013.5357155655	30578	3	692854	12	15000	2	15000	99				4	Affiliative	AFF4.JPG	Lab	LAB5.JPG	8	4	33	67	5	3	62	38	16
2016_04_15_1_52_PM	41013.5364215665	30578	3	753853	13	15000	2	15000	99				4	Aggressive	AGG2.JPG	Nature	NAT5.JPG	8	5	38	62	5	3	62	38	17
2016_04_15_1_53_PM	41013.5371275907	30578	3	814853	14	15000	2	15000	99				4	Aggressive	AGG6.JPG	Nature	NAT3.JPG	8	6	43	57	5	3	62	38	18
2016_04_15_1_54_PM	41013.5378336033	30578	3	875853	15	15000	2	15000	99				4	Aggressive	AGG3.JPG	Nature	NAT2.JPG	8	7	47	53	5	3	62	38	19
2016_04_15_1_55_PM	41013.5385396275	30578	3	936853	16	15000	2	15000	99				4	Aggressive	AGG4.JPG	Nature	NAT1.JPG	8	8	50	50	5	3	62	38	20
2016_04_15_1_56_PM	41013.5392456401	30578	3	997853	17	15000	2	15000	99				4	Aggressive	AGG5.JPG	Nature	NAT4.JPG	8	9	53	47	5	3	62	38	21
2016_04_15_1_57_PM	41013.5399516643	30578	3	1058853	18	15000	2	15000	99				4	Aggressive	AGG1.JPG	Nature	NAT6.JPG	8	10	56	44	5	3	62	38	22
2016_04_15_1_58_PM	41013.5407271369	30578	3	1125854	19	15000	2	15000	99				4	Lab	LAB5.JPG	Aggressive	AGG1.JPG	8	11	58	42	5	3	62	38	23
2016_04_15_1_59_PM	41013.5414331379	30578	3	1186853	20	15000	2	15000	99				4	Lab	LAB4.JPG	Aggressive	AGG4.JPG	8	12	60	40	5	3	62	38	24
2016_04_15_2_00_PM	41013.5420473281	30578	3	1239894	21	7041	0	7041	1	Aggressive	AGG3.JPG		4	Lab	LAB1.JPG	Aggressive	AGG3.JPG	9	12	57	43	5	4	56	44	25
2016_04_15_2_00_PM	41013.5420802004	30578	3	1242758	21	9905	1	9905	99				4	LAB1.JPG		AGG3.JPG		9	12	57	43	5	4	56	44	26
2016_04_15_2_00_PM	41013.5420854437	30578	3	1243211	21	10358	1	10358	99				4					9	12	57	43	5	4	56	44	27
2016_04_15_2_00_PM	41013.5420927821	30578	3	1243846	21	10993	1	10993	99				4					9	12	57	43	5	4	56	44	28
2016_04_15_2_00_PM	41013.5420999585	30578	3	1244464	21	11611	1	11611	99				4					9	12	57	43	5	4	56	44	29
2016_04_15_2_00_PM	41013.5421161978	30578	3	1245868	21	13015	1	13015	99				4					9	12	57	43	5	4	56	44	30
2016_04_15_2_01_PM	41013.5428116080	30578	3	1305906	22	12053	0	12053	0	Lab	LAB2.JPG	1	5	Lab	LAB2.JPG	Aggressive	AGG6.JPG	10	12	55	45	6	4	60	40	31
2016_04_15_2_01_PM	41013.5428208909	30578	3	1306754	22	12901	1	12901	99				5	LAB2.JPG		AGG6.JPG		10	12	55	45	6	4	60	40	32
2016_04_15_2_01_PM	41013.5428756625	30578	3	1311486	22	17633	1	17633	99				5					10	12	55	45	6	4	60	40	33
2016_04_15_2_01_PM	41013.5428849223	30578	3	1312287	22	18434	1	18434	99				5					10	12	55	45	6	4	60	40	34
2016_04_15_2_02_PM	41013.5433934699	30578	3	1356200	23	1347	0	1347	1	Aggressive	AGG5.JPG	1	6	Lab	LAB6.JPG	Aggressive	AGG5.JPG	11	12	52	48	6	5	55	45	35
2016_04_15_2_03_PM	41013.5440941929	30578	3	1416738	24	884	0	884	1	Aggressive	AGG2.JPG		6	Lab	LAB3.JPG	Aggressive	AGG2.JPG	12	12	50	50	6	6	50	50	36
2016_04_15_2_03_PM	41013.5441045523	30578	3	1417661	24	1807	1	1807	99				6	LAB3.JPG		AGG2.JPG		12	12	50	50	6	6	50	50	37
2016_04_15_2_03_PM	41013.5441118791	30578	3	1418296	24	2442	1	2442	99				6					12	12	50	50	6	6	50	50	38
2016_04_15_2_04_PM	41013.5448321170	30578	3	1480502	25	3648	0	3648	1	Fruit	FRT1.JPG		6	Lab	LAB2.JPG	Fruit	FRT1.JPG	13	12	48	52	6	7	46	54	39
2016_04_15_2_04_PM	41013.5448548498	30578	3	1482486	25	5632	1	5632	99				6	LAB2.JPG		FRT1.JPG		13	12	48	52	6	7	46	54	40
2016_04_15_2_05_PM	41013.5455092160	30578	3	1539003	26	1149	0	1149	1	Fruit	FRT3.JPG		6	Lab	LAB1.JPG	Fruit	FRT3.JPG	14	12	46	54	6	8	43	57	41
2016_04_15_2_05_PM	41013.5456958817	30578	3	1555152	26	17298	1	17298	99				6	LAB1.JPG		FRT3.JPG		14	12	46	54	6	8	43	57	42
2016_04_15_2_05_PM	41013.5457594849	30578	3	1560648	26	22794	1	22794	99				6					14	12	46	54	6	8	43	57	43
2016_04_15_2_05_PM	41013.5458270698	30578	3	1566486	26	28632	1	28632	99				6					14	12	46	54	6	8	43	57	44
2016_04_15_2_06_PM	41013.5458699310	30578	3	1570192	26	32338	1	32338	99				6					14	12	46	54	6	8	43	57	45
2016_04_15_2_06_PM	41013.5458802673	30578	3	1571084	26	33230	1	33230	99				6					14	12	46	54	6	8	43	57	46
2016_04_15_2_06_PM	41013.5459299808	30578	3	1575379	26	37525	1	37525	99				6					14	12	46	54	6	8	43	57	47
2016_04_15_2_06_PM	41013.5460056332	30578	3	1581915	26	44061	1	44061	99				6					14	12	46	54	6	8	43	57	48
2016_04_15_2_06_PM	41013.5462207034	30578	3	1600480	27	1627	0	1627	1	Fruit	FRT4.JPG		6	Lab	LAB5.JPG	Fruit	FRT4.JPG	15	12	44	56	6	9	40	60	49
2016_04_15_2_07_PM	41013.5470813082	30578	3	1674854	28	15000	2	15000	99				6	Lab	LAB3.JPG	Fruit	FRT6.JPG	15	13	46	54	6	9	40	60	50
2016_04_15_2_08_PM	41013.5476423472	30578	3	1723283	29	2429	0	2429	0	Lab	LAB6.JPG	1	7	Lab	LAB6.JPG	Fruit	FRT2.JPG	16	13	45	55	7	9	44	56	51
2016_04_15_2_08_PM	41013.5476449747	30578	3	1723553	29	2699	1	2699	99				7	LAB6.JPG		FRT2.JPG		16	13	45	55	7	9	44	56	52
2016_04_15_2_08_PM	41013.5476574870	30578	3	1724634	29	3780	1	3780	99				7					16	13	45	55	7	9	44	56	53
2016_04_15_2_09_PM	41013.5484323577	30578	3	1791561	30	9707	0	9707	1	Fruit	FRT5.JPG	1	8	Lab	LAB4.JPG	Fruit	FRT5.JPG	17	13	43	57	7	10	41	59	54
2016_04_15_2_09_PM	41013.5484427518	30578	3	1792482	30	10628	1	10628	99				8	LAB4.JPG		FRT5.JPG		17	13	43	57	7	10	41	59	55
2016_04_15_2_09_PM	41013.5484737026	30578	3	1795155	30	13301	1	13301	99				8					17	13	43	57	7	10	41	59	56
2016_04_15_2_10_PM	41013.5491844493	30578	3	1856543	31	13690	0	13690	0	Cynomolgus	CYN1.JPG	1	9	Cynomolgus	CYN1.JPG	Aggressive	AGG6.JPG	18	13	42	58	8	10	44	56	57
2016_04_15_2_11_PM	41013.5497795296	30578	3	1907961	32	4108	0	4108	1	Aggressive	AGG5.JPG	1	10	Cynomolgus	CYN3.JPG	Aggressive	AGG5.JPG	19	13	41	59	8	11	42	58	58
2016_04_15_2_11_PM	41013.5497895765	30578	3	1908848	32	4995	1	4995	99				10	CYN3.JPG		AGG5.JPG		19	13	41	59	8	11	42	58	59
2016_04_15_2_12_PM	41013.5506113828	30578	3	1979853	33	15000	2	15000	99				10	Cynomolgus	CYN6.JPG	Aggressive	AGG4.JPG	19	14	42	58	8	11	42	58	60
2016_04_15_2_13_PM	41013.5513174070	30578	3	2040853	34	15000	2	15000	99				10	Cynomolgus	CYN2.JPG	Aggressive	AGG1.JPG	19	15	44	56	8	11	42	58	61
2016_04_15_2_14_PM	41013.5520234196	30578	3	2101853	35	15000	2	15000	99				10	Cynomolgus	CYN4.JPG	Aggressive	AGG2.JPG	19	16	46	54	8	11	42	58	62
2016_04_15_2_15_PM	41013.5527294437	30578	3	2162853	36	15000	2	15000	99				10	Cynomolgus	CYN5.JPG	Aggressive	AGG3.JPG	19	17	47	53	8	11	42	58	63
2016_04_15_2_17_PM	41013.5535049048	30578	3	2229853	37	15000	2	15000	99				10	Affiliative	AFF6.JPG	Nature	NAT1.JPG	19	18	49	51	8	11	42	58	64
2016_04_15_2_18_PM	41013.5542109174	30578	3	2290853	38	15000	2	15000	99				10	Affiliative	AFF5.JPG	Nature	NAT4.JPG	19	19	50	50	8	11	42	58	65
2016_04_15_2_19_PM	41013.5549169416	30578	3	2351853	39	15000	2	15000	99				10	Affiliative	AFF1.JPG	Nature	NAT6.JPG	19	20	51	49	8	11	42	58	66
2016_04_15_2_20_PM	41013.5556229542	30578	3	2412853	40	15000	2	15000	99				10	Affiliative	AFF2.JPG	Nature	NAT3.JPG	19	21	52	48	8	11	42	58	67
2016_04_15_2_20_PM	41013.5561948850	30578	3	2462239	41	3386	0	3386	0	Affiliative	AFF4.JPG	1	11	Affiliative	AFF4.JPG	Nature	NAT5.JPG	20	21	51	49	9	11	45	55	68
2016_04_15_2_20_PM	41013.5562039712	30578	3	2463052	41	4199	1	4199	99				11	AFF4.JPG		NAT5.JPG		20	21	51	49	9	11	45	55	69
2016_04_15_2_20_PM	41013.5562366582	30578	3	2465876	41	7023	1	7023	99				11					20	21	51	49	9	11	45	55	70
2016_04_15_2_22_PM	41013.5569835875	30578	3	2530388	42	10535	0	10535	0	Affiliative	AFF3.JPG		11	Affiliative	AFF3.JPG	Nature	NAT2.JPG	21	21	50	50	10	11	48	52	71
2016_04_15_2_22_PM	41013.5569866896	30578	3	2530678	42	10825	1	10825	99				11	AFF3.JPG		NAT2.JPG		21	21	50	50	10	11	48	52	72
2016_04_15_2_22_PM	41013.5569958915	30578	3	2531473	42	11620	1	11620	99				11					21	21	50	50	10	11	48	52	73
2016_04_15_2_22_PM	41013.5569992481	30578	3	2531764	42	11911	1	11911	99				11					21	21	50	50	10	11	48	52	74
2016_04_15_2_23_PM	41013.5576716246	30578	3	2589839	43	8986	0	8986	1	Cynomolgus	CYN1.JPG	1	12	Affiliative	AFF4.JPG	Cynomolgus	CYN1.JPG	22	21	49	51	10	12	45	55	75
2016_04_15_2_24_PM	41013.5584470277	30578	3	2656853	44	15000	2	15000	99				12	Affiliative	AFF1.JPG	Cynomolgus	CYN3.JPG	22	22	50	50	10	12	45	55	76
2016_04_15_2_25_PM	41013.5591530519	30578	3	2717853	45	15000	2	15000	99				12	Affiliative	AFF5.JPG	Cynomolgus	CYN2.JPG	22	23	51	49	10	12	45	55	77
2016_04_15_2_26_PM	41013.5597376108	30578	3	2768342	46	4489	0	4489	0	Affiliative	AFF6.JPG	1	13	Affiliative	AFF6.JPG	Cynomolgus	CYN4.JPG	23	23	50	50	11	12	48	52	78
2016_04_15_2_26_PM	41013.5597497643	30578	3	2769408	46	5555	1	5555	99				13	AFF6.JPG		CYN4.JPG		23	23	50	50	11	12	48	52	79
2016_04_15_2_26_PM	41013.5597533061	30578	3	2769714	46	5861	1	5861	99				13					23	23	50	50	11	12	48	52	80
2016_04_15_2_26_PM	41013.5597587926	30578	3	2770187	46	6334	1	6334	99				13					23	23	50	50	11	12	48	52	81
2016_04_15_2_26_PM	41013.5597734115	30578	3	2771450	46	7597	1	7597	99				13					23	23	50	50	11	12	48	52	82
2016_04_15_2_27_PM	41013.5605650887	30578	3	2839853	47	15000	2	15000	99				13	Affiliative	AFF3.JPG	Cynomolgus	CYN6.JPG	23	24	51	49	11	12	48	52	83
2016_04_15_2_28_PM	41013.5612711013	30578	3	2900853	48	15000	2	15000	99				13	Affiliative	AFF2.JPG	Cynomolgus	CYN5.JPG	23	25	52	48	11	12	48	52	84
2016_04_15_2_29_PM	41013.5619771255	30578	3	2961853	49	15000	2	15000	99				13	Fruit	FRT3.JPG	Nature	NAT5.JPG	23	26	53	47	11	12	48	52	85
2016_04_15_2_30_PM	41013.5626831381	30578	3	3022853	50	15000	2	15000	99				13	Fruit	FRT2.JPG	Nature	NAT4.JPG	23	27	54	46	11	12	48	52	86
2016_04_15_2_31_PM	41013.5633217510	30578	3	3078012	51	9159	0	9159	0	Fruit	FRT5.JPG		13	Fruit	FRT5.JPG	Nature	NAT1.JPG	24	27	53	47	12	12	50	50	87
2016_04_15_2_31_PM	41013.5633316242	30578	3	3078881	51	10028	1	10028	99				13	FRT5.JPG		NAT1.JPG		24	27	53	47	12	12	50	50	88
2016_04_15_2_32_PM	41013.5640951749	30578	3	3144853	52	15000	2	15000	99				13	Fruit	FRT6.JPG	Nature	NAT6.JPG	24	28	54	46	12	12	50	50	89
2016_04_15_2_33_PM	41013.5648011990	30578	3	3205853	53	15000	2	15000	99				13	Fruit	FRT4.JPG	Nature	NAT3.JPG	24	29	55	45	12	12	50	50	90
2016_04_15_2_34_PM	41013.5655072116	30578	3	3266853	54	15000	2	15000	99				13	Fruit	FRT1.JPG	Nature	NAT2.JPG	24	30	56	44	12	12	50	50	91
Date	Time	Monkey	Panel	Sess Time	Trial	Trial Time	code (0 grid touch, 1 large pix touch, 2 failed trial)	Latency to grid touch	Grid Choice	Category	Picture	Switch?	Switch count	Left categ	Left picture	Right categ	Right picture	Correct Trials	Failed Trials	% Failed	% success	Correct Trials Left	Correct Trials Right	% left choice	% right choice	record number
2016_04_15_1_42_PM	41013.5292110158	30007	4	22229	1	15000	2	15000	99				0	Affiliative	AFF1.JPG	Lab	LAB6.JPG	0	1	100	0	0	0	NaN	NaN	1
2016_04_15_1_42_PM	41013.5298413528	30007	4	76649	2	8419	0	8419	1	Lab	LAB3.JPG		0	Affiliative	AFF5.JPG	Lab	LAB3.JPG	1	1	50	50	0	1	0	100	2
2016_04_15_1_44_PM	41013.5306230294	30007	4	144227	3	15000	2	15000	99				0	Affiliative	AFF3.JPG	Lab	LAB1.JPG	1	2	67	33	0	1	0	100	3
2016_04_15_1_45_PM	41013.5313290536	30007	4	205227	4	15000	2	15000	99				0	Affiliative	AFF2.JPG	Lab	LAB4.JPG	1	3	75	25	0	1	0	100	4
2016_04_15_1_45_PM	41013.5319084617	30007	4	255265	5	4037	0	4037	0	Affiliative	AFF6.JPG	1	1	Affiliative	AFF6.JPG	Lab	LAB2.JPG	2	3	60	40	1	1	50	50	5
2016_04_15_1_47_PM	41013.5327411019	30007	4	327228	6	15000	2	15000	99				1	Affiliative	AFF4.JPG	Lab	LAB5.JPG	2	4	67	33	1	1	50	50	6
2016_04_15_1_48_PM	41013.5333748882	30007	4	381967	7	8740	0	8740	1	Cynomolgus	CYN1.JPG	1	2	Nature	NAT4.JPG	Cynomolgus	CYN1.JPG	3	4	57	43	1	2	33	67	7
2016_04_15_1_48_PM	41013.5340138484	30007	4	437174	8	2947	0	2947	1	Cynomolgus	CYN3.JPG		2	Nature	NAT5.JPG	Cynomolgus	CYN3.JPG	4	4	50	50	1	3	25	75	8
2016_04_15_1_49_PM	41013.5347152426	30007	4	497764	9	2537	0	2537	0	Nature	NAT2.JPG	1	3	Nature	NAT2.JPG	Cynomolgus	CYN4.JPG	5	4	44	56	2	3	40	60	9
2016_04_15_1_51_PM	41013.5355651639	30007	4	571227	10	15000	2	15000	99				3	Nature	NAT1.JPG	Cynomolgus	CYN2.JPG	5	5	50	50	2	3	40	60	10
2016_04_15_1_52_PM	41013.5362711765	30007	4	632227	11	15000	2	15000	99				3	Nature	NAT3.JPG	Cynomolgus	CYN5.JPG	5	6	55	45	2	3	40	60	11
2016_04_15_1_53_PM	41013.5368197264	30007	4	679601	12	1374	0	1374	0	Nature	NAT6.JPG		3	Nature	NAT6.JPG	Cynomolgus	CYN6.JPG	6	6	50	50	3	3	50	50	12
2016_04_15_1_54_PM	41013.5376832249	30007	4	754228	13	15000	2	15000	99				3	Nature	NAT4.JPG	Lab	LAB4.JPG	6	7	54	46	3	3	50	50	13
2016_04_15_1_55_PM	41013.5383892491	30007	4	815228	14	15000	2	15000	99				3	Nature	NAT5.JPG	Lab	LAB2.JPG	6	8	57	43	3	3	50	50	14
2016_04_15_1_56_PM	41013.5390952617	30007	4	876228	15	15000	2	15000	99				3	Nature	NAT1.JPG	Lab	LAB1.JPG	6	9	60	40	3	3	50	50	15
2016_04_15_1_57_PM	41013.5398012859	30007	4	937228	16	15000	2	15000	99				3	Nature	NAT6.JPG	Lab	LAB5.JPG	6	10	62	38	3	3	50	50	16
2016_04_15_1_58_PM	41013.5405072985	30007	4	998228	17	15000	2	15000	99				3	Nature	NAT3.JPG	Lab	LAB3.JPG	6	11	65	35	3	3	50	50	17
2016_04_15_1_59_PM	41013.5412133226	30007	4	1059228	18	15000	2	15000	99				3	Nature	NAT2.JPG	Lab	LAB6.JPG	6	12	67	33	3	3	50	50	18
2016_04_15_2_00_PM	41013.5419887721	30007	4	1126227	19	15000	2	15000	99				3	Aggressive	AGG3.JPG	Affiliative	AFF6.JPG	6	13	68	32	3	3	50	50	19
2016_04_15_2_01_PM	41013.5425601126	30007	4	1175566	20	3339	0	3339	0	Aggressive	AGG2.JPG		3	Aggressive	AGG2.JPG	Affiliative	AFF4.JPG	7	13	65	35	4	3	57	43	20
2016_04_15_2_02_PM	41013.5434008089	30007	4	1248227	21	15000	2	15000	99				3	Aggressive	AGG5.JPG	Affiliative	AFF3.JPG	7	14	67	33	4	3	57	43	21
2016_04_15_2_03_PM	41013.5441068215	30007	4	1309227	22	15000	2	15000	99				3	Aggressive	AGG1.JPG	Affiliative	AFF5.JPG	7	15	68	32	4	3	57	43	22
2016_04_15_2_04_PM	41013.5448128456	30007	4	1370227	23	15000	2	15000	99				3	Aggressive	AGG4.JPG	Affiliative	AFF1.JPG	7	16	70	30	4	3	57	43	23
2016_04_15_2_05_PM	41013.5455188583	30007	4	1431227	24	15000	2	15000	99				3	Aggressive	AGG6.JPG	Affiliative	AFF2.JPG	7	17	71	29	4	3	57	43	24
2016_04_15_2_06_PM	41013.5462248940	30007	4	1492228	25	15000	2	15000	99				3	Aggressive	AGG6.JPG	Lab	LAB3.JPG	7	18	72	28	4	3	57	43	25
2016_04_15_2_07_PM	41013.5469309066	30007	4	1553228	26	15000	2	15000	99				3	Aggressive	AGG2.JPG	Lab	LAB2.JPG	7	19	73	27	4	3	57	43	26
2016_04_15_2_08_PM	41013.5476369308	30007	4	1614228	27	15000	2	15000	99				3	Aggressive	AGG5.JPG	Lab	LAB5.JPG	7	20	74	26	4	3	57	43	27
2016_04_15_2_09_PM	41013.5483429434	30007	4	1675228	28	15000	2	15000	99				3	Aggressive	AGG3.JPG	Lab	LAB6.JPG	7	21	75	25	4	3	57	43	28
2016_04_15_2_10_PM	41013.5490489676	30007	4	1736228	29	15000	2	15000	99				3	Aggressive	AGG1.JPG	Lab	LAB4.JPG	7	22	76	24	4	3	57	43	29
2016_04_15_2_11_PM	41013.5497549802	30007	4	1797227	30	15000	2	15000	99				3	Aggressive	AGG4.JPG	Lab	LAB1.JPG	7	23	77	23	4	3	57	43	30
2016_04_15_2_12_PM	41013.5503566118	30007	4	1849185	31	5958	0	5958	0	Fruit	FRT2.JPG		3	Fruit	FRT2.JPG	Cynomolgus	CYN3.JPG	8	23	74	26	5	3	62	38	31
2016_04_15_2_13_PM	41013.5511670170	30007	4	1919227	32	15000	2	15000	99				3	Fruit	FRT5.JPG	Cynomolgus	CYN2.JPG	8	24	75	25	5	3	62	38	32
2016_04_15_2_14_PM	41013.5518730296	30007	4	1980227	33	15000	2	15000	99				3	Fruit	FRT4.JPG	Cynomolgus	CYN4.JPG	8	25	76	24	5	3	62	38	33
2016_04_15_2_15_PM	41013.5525790537	30007	4	2041227	34	15000	2	15000	99				3	Fruit	FRT1.JPG	Cynomolgus	CYN5.JPG	8	26	76	24	5	3	62	38	34
2016_04_15_2_16_PM	41013.5532850663	30007	4	2102227	35	15000	2	15000	99				3	Fruit	FRT6.JPG	Cynomolgus	CYN1.JPG	8	27	77	23	5	3	62	38	35
2016_04_15_2_17_PM	41013.5539910905	30007	4	2163227	36	15000	2	15000	99				3	Fruit	FRT3.JPG	Cynomolgus	CYN6.JPG	8	28	78	22	5	3	62	38	36
2016_04_15_2_18_PM	41013.5547665515	30007	4	2230227	37	15000	2	15000	99				3	Fruit	FRT5.JPG	Nature	NAT4.JPG	8	29	78	22	5	3	62	38	37
2016_04_15_2_19_PM	41013.5554725641	30007	4	2291227	38	15000	2	15000	99				3	Fruit	FRT4.JPG	Nature	NAT2.JPG	8	30	79	21	5	3	62	38	38
2016_04_15_2_20_PM	41013.5561785883	30007	4	2352227	39	15000	2	15000	99				3	Fruit	FRT6.JPG	Nature	NAT6.JPG	8	31	79	21	5	3	62	38	39
2016_04_15_2_21_PM	41013.5567972695	30007	4	2405662	40	7435	0	7435	0	Fruit	FRT2.JPG		3	Fruit	FRT2.JPG	Nature	NAT3.JPG	9	31	78	22	6	3	67	33	40
2016_04_15_2_22_PM	41013.5575906251	30007	4	2474227	41	15000	2	15000	99				3	Fruit	FRT1.JPG	Nature	NAT1.JPG	9	32	78	22	6	3	67	33	41
2016_04_15_2_23_PM	41013.5582966377	30007	4	2535227	42	15000	2	15000	99				3	Fruit	FRT3.JPG	Nature	NAT5.JPG	9	33	79	21	6	3	67	33	42
2016_04_15_2_24_PM	41013.5590026619	30007	4	2596227	43	15000	2	15000	99				3	Cynomolgus	CYN3.JPG	Affiliative	AFF4.JPG	9	34	79	21	6	3	67	33	43
2016_04_15_2_25_PM	41013.5597086745	30007	4	2657227	44	15000	2	15000	99				3	Cynomolgus	CYN5.JPG	Affiliative	AFF3.JPG	9	35	80	20	6	3	67	33	44
2016_04_15_2_27_PM	41013.5604146987	30007	4	2718227	45	15000	2	15000	99				3	Cynomolgus	CYN6.JPG	Affiliative	AFF6.JPG	9	36	80	20	6	3	67	33	45
2016_04_15_2_28_PM	41013.5611207113	30007	4	2779227	46	15000	2	15000	99				3	Cynomolgus	CYN2.JPG	Affiliative	AFF1.JPG	9	37	80	20	6	3	67	33	46
2016_04_15_2_29_PM	41013.5618267355	30007	4	2840227	47	15000	2	15000	99				3	Cynomolgus	CYN4.JPG	Affiliative	AFF2.JPG	9	38	81	19	6	3	67	33	47
2016_04_15_2_30_PM	41013.5625327481	30007	4	2901227	48	15000	2	15000	99				3	Cynomolgus	CYN1.JPG	Affiliative	AFF5.JPG	9	39	81	19	6	3	67	33	48
2016_04_15_2_31_PM	41013.5632387722	30007	4	2962227	49	15000	2	15000	99				3	Fruit	FRT5.JPG	Aggressive	AGG5.JPG	9	40	82	18	6	3	67	33	49
2016_04_15_2_32_PM	41013.5639447848	30007	4	3023227	50	15000	2	15000	99				3	Fruit	FRT1.JPG	Aggressive	AGG6.JPG	9	41	82	18	6	3	67	33	50
2016_04_15_2_33_PM	41013.5646508090	30007	4	3084227	51	15000	2	15000	99				3	Fruit	FRT4.JPG	Aggressive	AGG3.JPG	9	42	82	18	6	3	67	33	51
2016_04_15_2_34_PM	41013.5653568216	30007	4	3145227	52	15000	2	15000	99				3	Fruit	FRT2.JPG	Aggressive	AGG2.JPG	9	43	83	17	6	3	67	33	52
2016_04_15_2_35_PM	41013.5660628458	30007	4	3206227	53	15000	2	15000	99				3	Fruit	FRT6.JPG	Aggressive	AGG4.JPG	9	44	83	17	6	3	67	33	53
2016_04_15_2_36_PM	41013.5667688584	30007	4	3267227	54	15000	2	15000	99				3	Fruit	FRT3.JPG	Aggressive	AGG1.JPG	9	45	83	17	6	3	67	33	54
Date	Time	Monkey	Panel	Sess Time	Trial	Trial Time	code (0 grid touch, 1 large pix touch, 2 failed trial)	Latency to grid touch	Grid Choice	Category	Picture	Switch?	Switch count	Left categ	Left picture	Right categ	Right picture	Correct Trials	Failed Trials	% Failed	% success	Correct Trials Left	Correct Trials Right	% left choice	% right choice	record number
2016_04_15_1_43_PM	41013.5301762692	29928	5	18188	1	11087	0	11087	0	Aggressive	AGG1.JPG		0	Aggressive	AGG1.JPG	Fruit	FRT4.JPG	1	0	0	100	1	0	100	0	1
2016_04_15_1_44_PM	41013.5309239393	29928	5	83100	2	15000	2	15000	99				0	Aggressive	AGG6.JPG	Fruit	FRT5.JPG	1	1	50	50	1	0	100	0	2
2016_04_15_1_45_PM	41013.5316299519	29928	5	144100	3	15000	2	15000	99				0	Aggressive	AGG4.JPG	Fruit	FRT2.JPG	1	2	67	33	1	0	100	0	3
2016_04_15_1_46_PM	41013.5323359761	29928	5	205100	4	15000	2	15000	99				0	Aggressive	AGG5.JPG	Fruit	FRT1.JPG	1	3	75	25	1	0	100	0	4
2016_04_15_1_47_PM	41013.5330419887	29928	5	266100	5	15000	2	15000	99				0	Aggressive	AGG3.JPG	Fruit	FRT6.JPG	1	4	80	20	1	0	100	0	5
2016_04_15_1_48_PM	41013.5337480129	29928	5	327100	6	15000	2	15000	99				0	Aggressive	AGG2.JPG	Fruit	FRT3.JPG	1	5	83	17	1	0	100	0	6
2016_04_15_1_49_PM	41013.5344540255	29928	5	388100	7	15000	2	15000	99				0	Cynomolgus	CYN6.JPG	Fruit	FRT2.JPG	1	6	86	14	1	0	100	0	7
2016_04_15_1_50_PM	41013.5350506800	29928	5	439334	8	5234	0	5234	0	Cynomolgus	CYN5.JPG		0	Cynomolgus	CYN5.JPG	Fruit	FRT4.JPG	2	6	75	25	2	0	100	0	8
2016_04_15_1_50_PM	41013.5352736904	29928	5	458903	8	24803	1	24803	99				0	CYN5.JPG		FRT4.JPG		2	6	75	25	2	0	100	0	9
2016_04_15_1_51_PM	41013.5358660623	29928	5	510100	9	15000	2	15000	99				0	Cynomolgus	CYN1.JPG	Fruit	FRT5.JPG	2	7	78	22	2	0	100	0	10
2016_04_15_1_52_PM	41013.5365720864	29928	5	571100	10	15000	2	15000	99				0	Cynomolgus	CYN4.JPG	Fruit	FRT6.JPG	2	8	80	20	2	0	100	0	11
2016_04_15_1_53_PM	41013.5372780990	29928	5	632100	11	15000	2	15000	99				0	Cynomolgus	CYN3.JPG	Fruit	FRT3.JPG	2	9	82	18	2	0	100	0	12
2016_04_15_1_54_PM	41013.5379841232	29928	5	693100	12	15000	2	15000	99				0	Cynomolgus	CYN2.JPG	Fruit	FRT1.JPG	2	10	83	17	2	0	100	0	13
2016_04_15_1_55_PM	41013.5386901358	29928	5	754100	13	15000	2	15000	99				0	Nature	NAT2.JPG	Lab	LAB4.JPG	2	11	85	15	2	0	100	0	14
2016_04_15_1_56_PM	41013.5393961600	29928	5	815100	14	15000	2	15000	99				0	Nature	NAT3.JPG	Lab	LAB3.JPG	2	12	86	14	2	0	100	0	15
2016_04_15_1_57_PM	41013.5401021726	29928	5	876100	15	15000	2	15000	99				0	Nature	NAT5.JPG	Lab	LAB5.JPG	2	13	87	13	2	0	100	0	16
2016_04_15_1_58_PM	41013.5408081968	29928	5	937100	16	15000	2	15000	99				0	Nature	NAT4.JPG	Lab	LAB6.JPG	2	14	88	12	2	0	100	0	17
2016_04_15_1_59_PM	41013.5415142094	29928	5	998100	17	15000	2	15000	99				0	Nature	NAT1.JPG	Lab	LAB1.JPG	2	15	88	12	2	0	100	0	18
2016_04_15_2_00_PM	41013.5422202336	29928	5	1059100	18	15000	2	15000	99				0	Nature	NAT6.JPG	Lab	LAB2.JPG	2	16	89	11	2	0	100	0	19
2016_04_15_2_01_PM	41013.5429956946	29928	5	1126100	19	15000	2	15000	99				0	Cynomolgus	CYN5.JPG	Lab	LAB2.JPG	2	17	89	11	2	0	100	0	20
2016_04_15_2_02_PM	41013.5437017072	29928	5	1187100	20	15000	2	15000	99				0	Cynomolgus	CYN4.JPG	Lab	LAB1.JPG	2	18	90	10	2	0	100	0	21
2016_04_15_2_03_PM	41013.5444077314	29928	5	1248100	21	15000	2	15000	99				0	Cynomolgus	CYN6.JPG	Lab	LAB6.JPG	2	19	90	10	2	0	100	0	22
2016_04_15_2_04_PM	41013.5451137440	29928	5	1309100	22	15000	2	15000	99				0	Cynomolgus	CYN2.JPG	Lab	LAB3.JPG	2	20	91	9	2	0	100	0	23
2016_04_15_2_05_PM	41013.5458197566	29928	5	1370099	23	15000	2	15000	99				0	Cynomolgus	CYN3.JPG	Lab	LAB5.JPG	2	21	91	9	2	0	100	0	24
2016_04_15_2_07_PM	41013.5465257692	29928	5	1431099	24	15000	2	15000	99				0	Cynomolgus	CYN1.JPG	Lab	LAB4.JPG	2	22	92	8	2	0	100	0	25
2016_04_15_2_08_PM	41013.5472317934	29928	5	1492099	25	15000	2	15000	99				0	Aggressive	AGG4.JPG	Cynomolgus	CYN2.JPG	2	23	92	8	2	0	100	0	26
2016_04_15_2_09_PM	41013.5479378175	29928	5	1553100	26	15000	2	15000	99				0	Aggressive	AGG1.JPG	Cynomolgus	CYN6.JPG	2	24	92	8	2	0	100	0	27
2016_04_15_2_10_PM	41013.5486438417	29928	5	1614100	27	15000	2	15000	99				0	Aggressive	AGG3.JPG	Cynomolgus	CYN3.JPG	2	25	93	7	2	0	100	0	28
2016_04_15_2_11_PM	41013.5493498427	29928	5	1675099	28	15000	2	15000	99				0	Aggressive	AGG5.JPG	Cynomolgus	CYN4.JPG	2	26	93	7	2	0	100	0	29
2016_04_15_2_12_PM	41013.5500558669	29928	5	1736099	29	15000	2	15000	99				0	Aggressive	AGG2.JPG	Cynomolgus	CYN1.JPG	2	27	93	7	2	0	100	0	30
2016_04_15_2_12_PM	41013.5506411319	29928	5	1786645	30	4545	0	4545	1	Cynomolgus	CYN5.JPG	1	1	Aggressive	AGG6.JPG	Cynomolgus	CYN5.JPG	3	27	90	10	2	1	67	33	31
2016_04_15_2_13_PM	41013.5507626203	29928	5	1797161	30	15061	1	15061	99				1	AGG6.JPG		CYN5.JPG		3	27	90	10	2	1	67	33	32
2016_04_15_2_13_PM	41013.5508332146	29928	5	1803261	30	21161	1	21161	99				1					3	27	90	10	2	1	67	33	33
2016_04_15_2_13_PM	41013.5508663531	29928	5	1806124	30	24024	1	24024	99				1					3	27	90	10	2	1	67	33	34
2016_04_15_2_13_PM	41013.5508820832	29928	5	1807483	30	25383	1	25383	99				1					3	27	90	10	2	1	67	33	35
2016_04_15_2_13_PM	41013.5509108811	29928	5	1809970	30	27870	1	27870	99				1					3	27	90	10	2	1	67	33	36
2016_04_15_2_14_PM	41013.5514679037	29928	5	1858099	31	15000	2	15000	99				1	Fruit	FRT1.JPG	Affiliative	AFF2.JPG	3	28	90	10	2	1	67	33	37
2016_04_15_2_15_PM	41013.5521739279	29928	5	1919099	32	15000	2	15000	99				1	Fruit	FRT4.JPG	Affiliative	AFF1.JPG	3	29	91	9	2	1	67	33	38
2016_04_15_2_16_PM	41013.5528799405	29928	5	1980099	33	15000	2	15000	99				1	Fruit	FRT5.JPG	Affiliative	AFF5.JPG	3	30	91	9	2	1	67	33	39
2016_04_15_2_17_PM	41013.5535859647	29928	5	2041099	34	15000	2	15000	99				1	Fruit	FRT3.JPG	Affiliative	AFF6.JPG	3	31	91	9	2	1	67	33	40
2016_04_15_2_18_PM	41013.5542919773	29928	5	2102099	35	15000	2	15000	99				1	Fruit	FRT2.JPG	Affiliative	AFF4.JPG	3	32	91	9	2	1	67	33	41
2016_04_15_2_19_PM	41013.5549980014	29928	5	2163099	36	15000	2	15000	99				1	Fruit	FRT6.JPG	Affiliative	AFF3.JPG	3	33	92	8	2	1	67	33	42
2016_04_15_2_20_PM	41013.5557734625	29928	5	2230099	37	15000	2	15000	99				1	Affiliative	AFF2.JPG	Nature	NAT3.JPG	3	34	92	8	2	1	67	33	43
2016_04_15_2_21_PM	41013.5564794751	29928	5	2291099	38	15000	2	15000	99				1	Affiliative	AFF6.JPG	Nature	NAT6.JPG	3	35	92	8	2	1	67	33	44
2016_04_15_2_22_PM	41013.5571854992	29928	5	2352099	39	15000	2	15000	99				1	Affiliative	AFF3.JPG	Nature	NAT2.JPG	3	36	92	8	2	1	67	33	45
2016_04_15_2_23_PM	41013.5578915119	29928	5	2413099	40	15000	2	15000	99				1	Affiliative	AFF4.JPG	Nature	NAT4.JPG	3	37	92	8	2	1	67	33	46
2016_04_15_2_24_PM	41013.5585975360	29928	5	2474099	41	15000	2	15000	99				1	Affiliative	AFF5.JPG	Nature	NAT5.JPG	3	38	93	7	2	1	67	33	47
2016_04_15_2_25_PM	41013.5592000936	29928	5	2525870	42	5714	0	5714	0	Affiliative	AFF1.JPG	1	2	Affiliative	AFF1.JPG	Nature	NAT1.JPG	4	38	90	10	3	1	75	25	48
2016_04_15_2_26_PM	41013.5600095844	29928	5	2596100	43	15000	2	15000	99				2	Affiliative	AFF6.JPG	Lab	LAB1.JPG	4	39	91	9	3	1	75	25	49
2016_04_15_2_27_PM	41013.5607155970	29928	5	2657100	44	15000	2	15000	99				2	Affiliative	AFF2.JPG	Lab	LAB2.JPG	4	40	91	9	3	1	75	25	50
2016_04_15_2_28_PM	41013.5614216212	29928	5	2718100	45	15000	2	15000	99				2	Affiliative	AFF3.JPG	Lab	LAB5.JPG	4	41	91	9	3	1	75	25	51
2016_04_15_2_29_PM	41013.5621276338	29928	5	2779100	46	15000	2	15000	99				2	Affiliative	AFF5.JPG	Lab	LAB3.JPG	4	42	91	9	3	1	75	25	52
2016_04_15_2_30_PM	41013.5628336579	29928	5	2840100	47	15000	2	15000	99				2	Affiliative	AFF4.JPG	Lab	LAB4.JPG	4	43	91	9	3	1	75	25	53
2016_04_15_2_31_PM	41013.5635396706	29928	5	2901100	48	15000	2	15000	99				2	Affiliative	AFF1.JPG	Lab	LAB6.JPG	4	44	92	8	3	1	75	25	54
2016_04_15_2_32_PM	41013.5642456832	29928	5	2962099	49	15000	2	15000	99				2	Aggressive	AGG6.JPG	Nature	NAT3.JPG	4	45	92	8	3	1	75	25	55
2016_04_15_2_33_PM	41013.5649516958	29928	5	3023099	50	15000	2	15000	99				2	Aggressive	AGG1.JPG	Nature	NAT6.JPG	4	46	92	8	3	1	75	25	56
2016_04_15_2_34_PM	41013.5656577199	29928	5	3084099	51	15000	2	15000	99				2	Aggressive	AGG2.JPG	Nature	NAT1.JPG	4	47	92	8	3	1	75	25	57
2016_04_15_2_35_PM	41013.5663637325	29928	5	3145099	52	15000	2	15000	99				2	Aggressive	AGG5.JPG	Nature	NAT2.JPG	4	48	92	8	3	1	75	25	58
2016_04_15_2_36_PM	41013.5670697567	29928	5	3206099	53	15000	2	15000	99				2	Aggressive	AGG4.JPG	Nature	NAT5.JPG	4	49	92	8	3	1	75	25	59
2016_04_15_2_37_PM	41013.5677757693	29928	5	3267099	54	15000	2	15000	99				2	Aggressive	AGG3.JPG	Nature	NAT4.JPG	4	50	93	7	3	1	75	25	60
Date	Time	Monkey	Panel	Sess Time	Trial	Trial Time	code (0 grid touch, 1 large pix touch, 2 failed trial)	Latency to grid touch	Grid Choice	Category	Picture	Switch?	Switch count	Left categ	Left picture	Right categ	Right picture	Correct Trials	Failed Trials	% Failed	% success	Correct Trials Left	Correct Trials Right	% left choice	% right choice	record number
2016_04_15_1_55_PM	41013.5386942616	30557	6	21488	1	15000	2	15000	99				0	Cynomolgus	CYN1.JPG	Nature	NAT6.JPG	0	1	100	0	0	0	NaN	NaN	1
2016_04_15_1_56_PM	41013.5392731142	30557	6	71480	2	3993	0	3993	0	Cynomolgus	CYN2.JPG		0	Cynomolgus	CYN2.JPG	Nature	NAT5.JPG	1	1	50	50	1	0	100	0	2
2016_04_15_1_57_PM	41013.5399579797	30557	6	130652	3	2165	0	2165	0	Cynomolgus	CYN3.JPG		0	Cynomolgus	CYN3.JPG	Nature	NAT4.JPG	2	1	33	67	2	0	100	0	3
2016_04_15_1_57_PM	41013.5399777725	30557	6	132382	3	3895	1	3895	99				0	CYN3.JPG		NAT4.JPG		2	1	33	67	2	0	100	0	4
2016_04_15_1_57_PM	41013.5399864073	30557	6	133128	3	4641	1	4641	99				0					2	1	33	67	2	0	100	0	5
2016_04_15_1_58_PM	41013.5403981669	30557	6	168704	3	40217	1	40217	99				0					2	1	33	67	2	0	100	0	6
2016_04_15_1_58_PM	41013.5404059104	30557	6	169373	3	40886	1	40886	99				0					2	1	33	67	2	0	100	0	7
2016_04_15_1_58_PM	41013.5404176356	30557	6	170386	3	41899	1	41899	99				0					2	1	33	67	2	0	100	0	8
2016_04_15_1_58_PM	41013.5407587315	30557	6	199817	4	10330	0	10330	1	Nature	NAT3.JPG	1	1	Cynomolgus	CYN4.JPG	Nature	NAT3.JPG	3	1	25	75	2	1	67	33	9
2016_04_15_1_59_PM	41013.5414128199	30557	6	256347	5	5860	0	5860	1	Nature	NAT1.JPG		1	Cynomolgus	CYN5.JPG	Nature	NAT1.JPG	4	1	20	80	2	2	50	50	10
2016_04_15_1_59_PM	41013.5415049663	30557	6	264332	5	13845	1	13845	99				1	CYN5.JPG		NAT1.JPG		4	1	20	80	2	2	50	50	11
2016_04_15_1_59_PM	41013.5415268658	30557	6	266223	5	15736	1	15736	99				1					4	1	20	80	2	2	50	50	12
2016_04_15_2_00_PM	41013.5420808326	30557	6	314067	6	2580	0	2580	0	Cynomolgus	CYN6.JPG	1	2	Cynomolgus	CYN6.JPG	Nature	NAT2.JPG	5	1	17	83	3	2	60	40	13
2016_04_15_2_00_PM	41013.5420989239	30557	6	315650	6	4163	1	4163	99				2	CYN6.JPG		NAT2.JPG		5	1	17	83	3	2	60	40	14
2016_04_15_2_00_PM	41013.5421065170	30557	6	316306	6	4819	1	4819	99				2					5	1	17	83	3	2	60	40	15
2016_04_15_2_00_PM	41013.5421163092	30557	6	317152	6	5665	1	5665	99				2					5	1	17	83	3	2	60	40	16
2016_04_15_2_00_PM	41013.5421219345	30557	6	317638	6	6151	1	6151	99				2					5	1	17	83	3	2	60	40	17
2016_04_15_2_00_PM	41013.5421255111	30557	6	317947	6	6460	1	6460	99				2					5	1	17	83	3	2	60	40	18
2016_04_15_2_00_PM	41013.5421414842	30557	6	319327	6	7840	1	7840	99				2					5	1	17	83	3	2	60	40	19
2016_04_15_2_00_PM	41013.5421562767	30557	6	320605	6	9118	1	9118	99				2					5	1	17	83	3	2	60	40	20
2016_04_15_2_00_PM	41013.5421603395	30557	6	320956	6	9469	1	9469	99				2					5	1	17	83	3	2	60	40	21
2016_04_15_2_00_PM	41013.5421728286	30557	6	322035	6	10548	1	10548	99				2					5	1	17	83	3	2	60	40	22
2016_04_15_2_01_PM	41013.5427822153	30557	6	374643	7	2156	0	2156	0	Affiliative	AFF3.JPG		2	Affiliative	AFF3.JPG	Cynomolgus	CYN3.JPG	6	1	14	86	4	2	67	33	23
2016_04_15_2_02_PM	41013.5436363846	30557	6	448487	8	15000	2	15000	99				2	Affiliative	AFF4.JPG	Cynomolgus	CYN5.JPG	6	2	25	75	4	2	67	33	24
2016_04_15_2_03_PM	41013.5443423972	30557	6	509487	9	15000	2	15000	99				2	Affiliative	AFF5.JPG	Cynomolgus	CYN6.JPG	6	3	33	67	4	2	67	33	25
2016_04_15_2_04_PM	41013.5450484213	30557	6	570487	10	15000	2	15000	99				2	Affiliative	AFF6.JPG	Cynomolgus	CYN2.JPG	6	4	40	60	4	2	67	33	26
2016_04_15_2_05_PM	41013.5457544339	30557	6	631487	11	15000	2	15000	99				2	Affiliative	AFF1.JPG	Cynomolgus	CYN1.JPG	6	5	45	55	4	2	67	33	27
2016_04_15_2_06_PM	41013.5464604697	30557	6	692488	12	15000	2	15000	99				2	Affiliative	AFF2.JPG	Cynomolgus	CYN4.JPG	6	6	50	50	4	2	67	33	28
2016_04_15_2_07_PM	41013.5471523843	30557	6	752249	13	13762	0	13762	1	Fruit	FRT3.JPG	1	3	Cynomolgus	CYN6.JPG	Fruit	FRT3.JPG	7	6	46	54	4	3	57	43	29
2016_04_15_2_08_PM	41013.5477275329	30557	6	801944	14	2457	0	2457	1	Fruit	FRT6.JPG		3	Cynomolgus	CYN4.JPG	Fruit	FRT6.JPG	8	6	43	57	4	4	50	50	30
2016_04_15_2_09_PM	41013.5484915002	30557	6	867948	15	7461	0	7461	0	Cynomolgus	CYN3.JPG	1	4	Cynomolgus	CYN3.JPG	Fruit	FRT4.JPG	9	6	40	60	5	4	56	44	31
2016_04_15_2_09_PM	41013.5485079826	30557	6	869392	15	8905	1	8905	99				4	CYN3.JPG		FRT4.JPG		9	6	40	60	5	4	56	44	32
2016_04_15_2_10_PM	41013.5492845317	30557	6	936487	16	15000	2	15000	99				4	Cynomolgus	CYN5.JPG	Fruit	FRT5.JPG	9	7	44	56	5	4	56	44	33
2016_04_15_2_11_PM	41013.5498447605	30557	6	984871	17	2384	0	2384	1	Fruit	FRT2.JPG	1	5	Cynomolgus	CYN1.JPG	Fruit	FRT2.JPG	10	7	41	59	5	5	50	50	34
2016_04_15_2_11_PM	41013.5498512192	30557	6	985448	17	2961	1	2961	99				5	CYN1.JPG		FRT2.JPG		10	7	41	59	5	5	50	50	35
2016_04_15_2_13_PM	41013.5506965685	30557	6	1058487	18	15000	2	15000	99				5	Cynomolgus	CYN2.JPG	Fruit	FRT1.JPG	10	8	44	56	5	5	50	50	36
2016_04_15_2_14_PM	41013.5514059146	30557	6	1119731	19	9244	0	9244	1	Lab	LAB2.JPG		5	Affiliative	AFF6.JPG	Lab	LAB2.JPG	11	8	42	58	5	6	45	55	37
2016_04_15_2_14_PM	41013.5514258463	30557	6	1121496	19	11009	1	11009	99				5	AFF6.JPG		LAB2.JPG		11	8	42	58	5	6	45	55	38
2016_04_15_2_14_PM	41013.5514390646	30557	6	1122638	19	12151	1	12151	99				5					11	8	42	58	5	6	45	55	39
2016_04_15_2_15_PM	41013.5521780421	30557	6	1186487	20	15000	2	15000	99				5	Affiliative	AFF4.JPG	Lab	LAB6.JPG	11	9	45	55	5	6	45	55	40
2016_04_15_2_16_PM	41013.5528840663	30557	6	1247487	21	15000	2	15000	99				5	Affiliative	AFF3.JPG	Lab	LAB3.JPG	11	10	48	52	5	6	45	55	41
2016_04_15_2_17_PM	41013.5535818840	30557	6	1307724	22	14237	0	14237	1	Lab	LAB4.JPG		5	Affiliative	AFF2.JPG	Lab	LAB4.JPG	12	10	45	55	5	7	42	58	42
2016_04_15_2_18_PM	41013.5542961031	30557	6	1369487	23	15000	2	15000	99				5	Affiliative	AFF5.JPG	Lab	LAB1.JPG	12	11	48	52	5	7	42	58	43
2016_04_15_2_19_PM	41013.5549182220	30557	6	1423192	24	7705	0	7705	1	Lab	LAB5.JPG		5	Affiliative	AFF1.JPG	Lab	LAB5.JPG	13	11	46	54	5	8	38	62	44
2016_04_15_2_20_PM	41013.5556028676	30557	6	1482370	25	5883	0	5883	0	Aggressive	AGG3.JPG	1	6	Aggressive	AGG3.JPG	Lab	LAB6.JPG	14	11	44	56	6	8	43	57	45
2016_04_15_2_20_PM	41013.5556312952	30557	6	1484847	25	8360	1	8360	99				6	AGG3.JPG		LAB6.JPG		14	11	44	56	6	8	43	57	46
2016_04_15_2_20_PM	41013.5556353116	30557	6	1485194	25	8707	1	8707	99				6					14	11	44	56	6	8	43	57	47
2016_04_15_2_21_PM	41013.5564141524	30557	6	1552487	26	15000	2	15000	99				6	Aggressive	AGG2.JPG	Lab	LAB3.JPG	14	12	46	54	6	8	43	57	48
2016_04_15_2_22_PM	41013.5571201766	30557	6	1613487	27	15000	2	15000	99				6	Aggressive	AGG4.JPG	Lab	LAB1.JPG	14	13	48	52	6	8	43	57	49
2016_04_15_2_23_PM	41013.5578262008	30557	6	1674487	28	15000	2	15000	99				6	Aggressive	AGG5.JPG	Lab	LAB5.JPG	14	14	50	50	6	8	43	57	50
2016_04_15_2_24_PM	41013.5585322134	30557	6	1735487	29	15000	2	15000	99				6	Aggressive	AGG6.JPG	Lab	LAB4.JPG	14	15	52	48	6	8	43	57	51
2016_04_15_2_25_PM	41013.5592382376	30557	6	1796487	30	15000	2	15000	99				6	Aggressive	AGG1.JPG	Lab	LAB2.JPG	14	16	53	47	6	8	43	57	52
2016_04_15_2_26_PM	41013.5599442502	30557	6	1857487	31	15000	2	15000	99				6	Aggressive	AGG6.JPG	Nature	NAT5.JPG	14	17	55	45	6	8	43	57	53
2016_04_15_2_27_PM	41013.5605152203	30557	6	1906799	32	3312	0	3312	0	Aggressive	AGG4.JPG		6	Aggressive	AGG4.JPG	Nature	NAT3.JPG	15	17	53	47	7	8	47	53	54
2016_04_15_2_27_PM	41013.5605367725	30557	6	1908680	32	5193	1	5193	99				6	AGG4.JPG		NAT3.JPG		15	17	53	47	7	8	47	53	55
2016_04_15_2_28_PM	41013.5613562870	30557	6	1979487	33	15000	2	15000	99				6	Aggressive	AGG3.JPG	Nature	NAT2.JPG	15	18	55	45	7	8	47	53	56
2016_04_15_2_29_PM	41013.5620623111	30557	6	2040487	34	15000	2	15000	99				6	Aggressive	AGG5.JPG	Nature	NAT4.JPG	15	19	56	44	7	8	47	53	57
2016_04_15_2_30_PM	41013.5627683237	30557	6	2101487	35	15000	2	15000	99				6	Aggressive	AGG2.JPG	Nature	NAT6.JPG	15	20	57	43	7	8	47	53	58
2016_04_15_2_31_PM	41013.5633605567	30557	6	2152380	36	4893	0	4893	0	Aggressive	AGG1.JPG		6	Aggressive	AGG1.JPG	Nature	NAT1.JPG	16	20	56	44	8	8	50	50	59
2016_04_15_2_31_PM	41013.5634005821	30557	6	2156113	36	8626	1	8626	99				6	AGG1.JPG		NAT1.JPG		16	20	56	44	8	8	50	50	60
2016_04_15_2_31_PM	41013.5637050440	30557	6	2182419	36	34932	1	34932	99				6					16	20	56	44	8	8	50	50	61
2016_04_15_2_32_PM	41013.5642498089	30557	6	2229487	37	15000	2	15000	99				6	Affiliative	AFF4.JPG	Nature	NAT6.JPG	16	21	57	43	8	8	50	50	62
2016_04_15_2_33_PM	41013.5649558216	30557	6	2290487	38	15000	2	15000	99				6	Affiliative	AFF3.JPG	Nature	NAT2.JPG	16	22	58	42	8	8	50	50	63
2016_04_15_2_34_PM	41013.5656618457	30557	6	2351487	39	15000	2	15000	99				6	Affiliative	AFF2.JPG	Nature	NAT4.JPG	16	23	59	41	8	8	50	50	64
2016_04_15_2_35_PM	41013.5663678583	30557	6	2412487	40	15000	2	15000	99				6	Affiliative	AFF5.JPG	Nature	NAT1.JPG	16	24	60	40	8	8	50	50	65
2016_04_15_2_36_PM	41013.5670738825	30557	6	2473487	41	15000	2	15000	99				6	Affiliative	AFF1.JPG	Nature	NAT5.JPG	16	25	61	39	8	8	50	50	66
2016_04_15_2_37_PM	41013.5677798951	30557	6	2534487	42	15000	2	15000	99				6	Affiliative	AFF6.JPG	Nature	NAT3.JPG	16	26	62	38	8	8	50	50	67
2016_04_15_2_38_PM	41013.5683418138	30557	6	2583014	43	2527	0	2527	0	Aggressive	AGG3.JPG		6	Aggressive	AGG3.JPG	Fruit	FRT6.JPG	17	26	60	40	9	8	53	47	68
2016_04_15_2_39_PM	41013.5690422937	30557	6	2643538	44	2051	0	2051	1	Fruit	FRT1.JPG	1	7	Aggressive	AGG4.JPG	Fruit	FRT1.JPG	18	26	59	41	9	9	50	50	69
2016_04_15_2_40_PM	41013.5698979561	30557	6	2717487	45	15000	2	15000	99				7	Aggressive	AGG2.JPG	Fruit	FRT2.JPG	18	27	60	40	9	9	50	50	70
2016_04_15_2_41_PM	41013.5706039687	30557	6	2778487	46	15000	2	15000	99				7	Aggressive	AGG5.JPG	Fruit	FRT3.JPG	18	28	61	39	9	9	50	50	71
2016_04_15_2_42_PM	41013.5713099929	30557	6	2839487	47	15000	2	15000	99				7	Aggressive	AGG6.JPG	Fruit	FRT5.JPG	18	29	62	38	9	9	50	50	72
2016_04_15_2_43_PM	41013.5720160055	30557	6	2900487	48	15000	2	15000	99				7	Aggressive	AGG1.JPG	Fruit	FRT4.JPG	18	30	62	38	9	9	50	50	73
2016_04_15_2_44_PM	41013.5727208722	30557	6	2961368	49	14881	0	14881	0	Fruit	FRT2.JPG	1	8	Fruit	FRT2.JPG	Lab	LAB1.JPG	19	30	61	39	10	9	53	47	74
2016_04_15_2_45_PM	41013.5734280422	30557	6	3022487	50	15000	2	15000	99				8	Fruit	FRT4.JPG	Lab	LAB6.JPG	19	31	62	38	10	9	53	47	75
2016_04_15_2_46_PM	41013.5741340664	30557	6	3083487	51	15000	2	15000	99				8	Fruit	FRT3.JPG	Lab	LAB2.JPG	19	32	63	37	10	9	53	47	76
2016_04_15_2_47_PM	41013.5748400790	30557	6	3144487	52	15000	2	15000	99				8	Fruit	FRT1.JPG	Lab	LAB4.JPG	19	33	63	37	10	9	53	47	77
2016_04_15_2_48_PM	41013.5755461032	30557	6	3205487	53	15000	2	15000	99				8	Fruit	FRT5.JPG	Lab	LAB5.JPG	19	34	64	36	10	9	53	47	78
2016_04_15_2_49_PM	41013.5762521158	30557	6	3266487	54	15000	2	15000	99				8	Fruit	FRT6.JPG	Lab	LAB3.JPG	19	35	65	35	10	9	53	47	79
Date	Time	Monkey	Panel	Sess Time	Trial	Trial Time	code (0 grid touch, 1 large pix touch, 2 failed trial)	Latency to grid touch	Grid Choice	Category	Picture	Switch?	Switch count	Left categ	Left picture	Right categ	Right picture	Correct Trials	Failed Trials	% Failed	% success	Correct Trials Left	Correct Trials Right	% left choice	% right choice	record number
2016_04_15_1_49_PM	41013.5343656071	30423	7	21471	1	15000	2	15000	99				0	Aggressive	AGG2.JPG	Fruit	FRT4.JPG	0	1	100	0	0	0	NaN	NaN	1
2016_04_15_1_50_PM	41013.5350716429	30423	7	82472	2	15000	2	15000	99				0	Aggressive	AGG4.JPG	Fruit	FRT6.JPG	0	2	100	0	0	0	NaN	NaN	2
2016_04_15_1_51_PM	41013.5357776439	30423	7	143471	3	15000	2	15000	99				0	Aggressive	AGG5.JPG	Fruit	FRT2.JPG	0	3	100	0	0	0	NaN	NaN	3
2016_04_15_1_52_PM	41013.5364836681	30423	7	204471	4	15000	2	15000	99				0	Aggressive	AGG3.JPG	Fruit	FRT3.JPG	0	4	100	0	0	0	NaN	NaN	4
2016_04_15_1_53_PM	41013.5371896807	30423	7	265471	5	15000	2	15000	99				0	Aggressive	AGG1.JPG	Fruit	FRT5.JPG	0	5	100	0	0	0	NaN	NaN	5
2016_04_15_1_54_PM	41013.5378957049	30423	7	326471	6	15000	2	15000	99				0	Aggressive	AGG6.JPG	Fruit	FRT1.JPG	0	6	100	0	0	0	NaN	NaN	6
2016_04_15_1_55_PM	41013.5386017175	30423	7	387471	7	15000	2	15000	99				0	Fruit	FRT4.JPG	Cynomolgus	CYN4.JPG	0	7	100	0	0	0	NaN	NaN	7
2016_04_15_1_56_PM	41013.5393077416	30423	7	448471	8	15000	2	15000	99				0	Fruit	FRT5.JPG	Cynomolgus	CYN3.JPG	0	8	100	0	0	0	NaN	NaN	8
2016_04_15_1_57_PM	41013.5400137542	30423	7	509471	9	15000	2	15000	99				0	Fruit	FRT6.JPG	Cynomolgus	CYN1.JPG	0	9	100	0	0	0	NaN	NaN	9
2016_04_15_1_58_PM	41013.5407197784	30423	7	570471	10	15000	2	15000	99				0	Fruit	FRT1.JPG	Cynomolgus	CYN2.JPG	0	10	100	0	0	0	NaN	NaN	10
2016_04_15_1_59_PM	41013.5414257910	30423	7	631471	11	15000	2	15000	99				0	Fruit	FRT3.JPG	Cynomolgus	CYN6.JPG	0	11	100	0	0	0	NaN	NaN	11
2016_04_15_2_00_PM	41013.5421318152	30423	7	692471	12	15000	2	15000	99				0	Fruit	FRT2.JPG	Cynomolgus	CYN5.JPG	0	12	100	0	0	0	NaN	NaN	12
2016_04_15_2_01_PM	41013.5428378394	30423	7	753472	13	15000	2	15000	99				0	Lab	LAB3.JPG	Cynomolgus	CYN4.JPG	0	13	100	0	0	0	NaN	NaN	13
2016_04_15_2_02_PM	41013.5434894507	30423	7	809729	14	10258	0	10258	0	Lab	LAB4.JPG		0	Lab	LAB4.JPG	Cynomolgus	CYN6.JPG	1	13	93	7	1	0	100	0	14
2016_04_15_2_02_PM	41013.5435067665	30423	7	811265	14	11794	1	11794	99				0	LAB4.JPG		CYN6.JPG		1	13	93	7	1	0	100	0	15
2016_04_15_2_02_PM	41013.5435124729	30423	7	811758	14	12287	1	12287	99				0					1	13	93	7	1	0	100	0	16
2016_04_15_2_02_PM	41013.5435431575	30423	7	814410	14	14939	1	14939	99				0					1	13	93	7	1	0	100	0	17
2016_04_15_2_02_PM	41013.5437137807	30423	7	829152	14	29681	1	29681	99				0					1	13	93	7	1	0	100	0	18
2016_04_15_2_03_PM	41013.5437892827	30423	7	835677	14	36206	1	36206	99				0					1	13	93	7	1	0	100	0	19
2016_04_15_2_03_PM	41013.5438235671	30423	7	838637	14	39166	1	39166	99				0					1	13	93	7	1	0	100	0	20
2016_04_15_2_03_PM	41013.5438658380	30423	7	842291	14	42820	1	42820	99				0					1	13	93	7	1	0	100	0	21
2016_04_15_2_03_PM	41013.5442498646	30423	7	875471	15	15000	2	15000	99				0	Lab	LAB1.JPG	Cynomolgus	CYN2.JPG	1	14	93	7	1	0	100	0	22
2016_04_15_2_04_PM	41013.5449558888	30423	7	936471	16	15000	2	15000	99				0	Lab	LAB5.JPG	Cynomolgus	CYN3.JPG	1	15	94	6	1	0	100	0	23
2016_04_15_2_05_PM	41013.5456619014	30423	7	997471	17	15000	2	15000	99				0	Lab	LAB2.JPG	Cynomolgus	CYN1.JPG	1	16	94	6	1	0	100	0	24
2016_04_15_2_06_PM	41013.5463679255	30423	7	1058471	18	15000	2	15000	99				0	Lab	LAB6.JPG	Cynomolgus	CYN5.JPG	1	17	94	6	1	0	100	0	25
2016_04_15_2_07_PM	41013.5471433866	30423	7	1125471	19	15000	2	15000	99				0	Affiliative	AFF4.JPG	Aggressive	AGG4.JPG	1	18	95	5	1	0	100	0	26
2016_04_15_2_08_PM	41013.5478493992	30423	7	1186471	20	15000	2	15000	99				0	Affiliative	AFF3.JPG	Aggressive	AGG6.JPG	1	19	95	5	1	0	100	0	27
2016_04_15_2_09_PM	41013.5485554233	30423	7	1247471	21	15000	2	15000	99				0	Affiliative	AFF5.JPG	Aggressive	AGG3.JPG	1	20	95	5	1	0	100	0	28
2016_04_15_2_10_PM	41013.5492614360	30423	7	1308471	22	15000	2	15000	99				0	Affiliative	AFF2.JPG	Aggressive	AGG2.JPG	1	21	95	5	1	0	100	0	29
2016_04_15_2_11_PM	41013.5499674601	30423	7	1369471	23	15000	2	15000	99				0	Affiliative	AFF1.JPG	Aggressive	AGG5.JPG	1	22	96	4	1	0	100	0	30
2016_04_15_2_12_PM	41013.5506734727	30423	7	1430471	24	15000	2	15000	99				0	Affiliative	AFF6.JPG	Aggressive	AGG1.JPG	1	23	96	4	1	0	100	0	31
2016_04_15_2_13_PM	41013.5513794969	30423	7	1491471	25	15000	2	15000	99				0	Nature	NAT5.JPG	Aggressive	AGG2.JPG	1	24	96	4	1	0	100	0	32
2016_04_15_2_15_PM	41013.5520855211	30423	7	1552471	26	15000	2	15000	99				0	Nature	NAT3.JPG	Aggressive	AGG4.JPG	1	25	96	4	1	0	100	0	33
2016_04_15_2_16_PM	41013.5527915337	30423	7	1613471	27	15000	2	15000	99				0	Nature	NAT2.JPG	Aggressive	AGG1.JPG	1	26	96	4	1	0	100	0	34
2016_04_15_2_17_PM	41013.5534975579	30423	7	1674471	28	15000	2	15000	99				0	Nature	NAT6.JPG	Aggressive	AGG3.JPG	1	27	96	4	1	0	100	0	35
2016_04_15_2_18_PM	41013.5542035705	30423	7	1735471	29	15000	2	15000	99				0	Nature	NAT1.JPG	Aggressive	AGG6.JPG	1	28	97	3	1	0	100	0	36
2016_04_15_2_19_PM	41013.5549095947	30423	7	1796471	30	15000	2	15000	99				0	Nature	NAT4.JPG	Aggressive	AGG5.JPG	1	29	97	3	1	0	100	0	37
2016_04_15_2_20_PM	41013.5556156073	30423	7	1857471	31	15000	2	15000	99				0	Affiliative	AFF6.JPG	Nature	NAT6.JPG	1	30	97	3	1	0	100	0	38
2016_04_15_2_21_PM	41013.5563216314	30423	7	1918471	32	15000	2	15000	99				0	Affiliative	AFF2.JPG	Nature	NAT4.JPG	1	31	97	3	1	0	100	0	39
2016_04_15_2_22_PM	41013.5570276440	30423	7	1979471	33	15000	2	15000	99				0	Affiliative	AFF4.JPG	Nature	NAT1.JPG	1	32	97	3	1	0	100	0	40
2016_04_15_2_23_PM	41013.5577336682	30423	7	2040471	34	15000	2	15000	99				0	Affiliative	AFF3.JPG	Nature	NAT5.JPG	1	33	97	3	1	0	100	0	41
2016_04_15_2_24_PM	41013.5584396808	30423	7	2101471	35	15000	2	15000	99				0	Affiliative	AFF5.JPG	Nature	NAT2.JPG	1	34	97	3	1	0	100	0	42
2016_04_15_2_25_PM	41013.5591457050	30423	7	2162471	36	15000	2	15000	99				0	Affiliative	AFF1.JPG	Nature	NAT3.JPG	1	35	97	3	1	0	100	0	43
2016_04_15_2_26_PM	41013.5599211660	30423	7	2229471	37	15000	2	15000	99				0	Nature	NAT1.JPG	Lab	LAB6.JPG	1	36	97	3	1	0	100	0	44
2016_04_15_2_27_PM	41013.5606271786	30423	7	2290471	38	15000	2	15000	99				0	Nature	NAT2.JPG	Lab	LAB4.JPG	1	37	97	3	1	0	100	0	45
2016_04_15_2_28_PM	41013.5613332144	30423	7	2351472	39	15000	2	15000	99				0	Nature	NAT5.JPG	Lab	LAB3.JPG	1	38	97	3	1	0	100	0	46
2016_04_15_2_29_PM	41013.5620392154	30423	7	2412471	40	15000	2	15000	99				0	Nature	NAT6.JPG	Lab	LAB1.JPG	1	39	98	2	1	0	100	0	47
2016_04_15_2_30_PM	41013.5627452396	30423	7	2473471	41	15000	2	15000	99				0	Nature	NAT4.JPG	Lab	LAB2.JPG	1	40	98	2	1	0	100	0	48
2016_04_15_2_31_PM	41013.5634512522	30423	7	2534471	42	15000	2	15000	99				0	Nature	NAT3.JPG	Lab	LAB5.JPG	1	41	98	2	1	0	100	0	49
2016_04_15_2_32_PM	41013.5641572764	30423	7	2595471	43	15000	2	15000	99				0	Lab	LAB4.JPG	Fruit	FRT2.JPG	1	42	98	2	1	0	100	0	50
2016_04_15_2_33_PM	41013.5648632890	30423	7	2656471	44	15000	2	15000	99				0	Lab	LAB3.JPG	Fruit	FRT4.JPG	1	43	98	2	1	0	100	0	51
2016_04_15_2_34_PM	41013.5655693131	30423	7	2717471	45	15000	2	15000	99				0	Lab	LAB5.JPG	Fruit	FRT1.JPG	1	44	98	2	1	0	100	0	52
2016_04_15_2_35_PM	41013.5662753258	30423	7	2778471	46	15000	2	15000	99				0	Lab	LAB1.JPG	Fruit	FRT6.JPG	1	45	98	2	1	0	100	0	53
2016_04_15_2_36_PM	41013.5669813499	30423	7	2839471	47	15000	2	15000	99				0	Lab	LAB6.JPG	Fruit	FRT3.JPG	1	46	98	2	1	0	100	0	54
2016_04_15_2_37_PM	41013.5676873625	30423	7	2900471	48	15000	2	15000	99				0	Lab	LAB2.JPG	Fruit	FRT5.JPG	1	47	98	2	1	0	100	0	55
2016_04_15_2_38_PM	41013.5683933867	30423	7	2961471	49	15000	2	15000	99				0	Cynomolgus	CYN4.JPG	Affiliative	AFF6.JPG	1	48	98	2	1	0	100	0	56
2016_04_15_2_39_PM	41013.5690993993	30423	7	3022471	50	15000	2	15000	99				0	Cynomolgus	CYN3.JPG	Affiliative	AFF5.JPG	1	49	98	2	1	0	100	0	57
2016_04_15_2_40_PM	41013.5698054235	30423	7	3083471	51	15000	2	15000	99				0	Cynomolgus	CYN5.JPG	Affiliative	AFF4.JPG	1	50	98	2	1	0	100	0	58
2016_04_15_2_41_PM	41013.5705114361	30423	7	3144471	52	15000	2	15000	99				0	Cynomolgus	CYN1.JPG	Affiliative	AFF3.JPG	1	51	98	2	1	0	100	0	59
2016_04_15_2_42_PM	41013.5712174603	30423	7	3205471	53	15000	2	15000	99				0	Cynomolgus	CYN6.JPG	Affiliative	AFF1.JPG	1	52	98	2	1	0	100	0	60
2016_04_15_2_43_PM	41013.5719234729	30423	7	3266471	54	15000	2	15000	99				0	Cynomolgus	CYN2.JPG	Affiliative	AFF2.JPG	1	53	98	2	1	0	100	0	61
Date	Time	Monkey	Panel	Sess Time	Trial	Trial Time	code (0 grid touch, 1 large pix touch, 2 failed trial)	Latency to grid touch	Grid Choice	Category	Picture	Switch?	Switch count	Left categ	Left picture	Right categ	Right picture	Correct Trials	Failed Trials	% Failed	% success	Correct Trials Left	Correct Trials Right	% left choice	% right choice	record number
2016_04_15_1_57_PM	41013.5400558966	29987	10	22068	1	15021	2	15021	99				0	Aggressive	AGG2.JPG	Affiliative	AFF3.JPG	0	1	100	0	0	0	NaN	NaN	1
2016_04_15_1_58_PM	41013.5407147190	29987	10	78969	2	10923	0	10923	0	Aggressive	AGG5.JPG		0	Aggressive	AGG5.JPG	Affiliative	AFF1.JPG	1	1	50	50	1	0	100	0	2
2016_04_15_1_59_PM	41013.5414035894	29987	10	138467	3	9421	0	9421	0	Aggressive	AGG1.JPG		0	Aggressive	AGG1.JPG	Affiliative	AFF6.JPG	2	1	33	67	2	0	100	0	3
2016_04_15_1_59_PM	41013.5414347717	29987	10	141203	3	12157	1	12157	99				0	AGG1.JPG		AFF6.JPG		2	1	33	67	2	0	100	0	4
2016_04_15_2_00_PM	41013.5421736913	29987	10	205046	4	15000	2	15000	99				0	Aggressive	AGG6.JPG	Affiliative	AFF5.JPG	2	2	50	50	2	0	100	0	5
2016_04_15_2_01_PM	41013.5428797039	29987	10	266046	5	15000	2	15000	99				0	Aggressive	AGG3.JPG	Affiliative	AFF4.JPG	2	3	60	40	2	0	100	0	6
2016_04_15_2_02_PM	41013.5435857281	29987	10	327046	6	15000	2	15000	99				0	Aggressive	AGG4.JPG	Affiliative	AFF2.JPG	2	4	67	33	2	0	100	0	7
2016_04_15_2_03_PM	41013.5442917407	29987	10	388046	7	15000	2	15000	99				0	Fruit	FRT5.JPG	Affiliative	AFF5.JPG	2	5	71	29	2	0	100	0	8
2016_04_15_2_04_PM	41013.5449977649	29987	10	449046	8	15000	2	15000	99				0	Fruit	FRT6.JPG	Affiliative	AFF6.JPG	2	6	75	25	2	0	100	0	9
2016_04_15_2_05_PM	41013.5455974635	29987	10	500837	9	5791	0	5791	1	Affiliative	AFF1.JPG	1	1	Fruit	FRT4.JPG	Affiliative	AFF1.JPG	3	6	67	33	2	1	67	33	10
2016_04_15_2_06_PM	41013.5464098017	29987	10	571046	10	15000	2	15000	99				1	Fruit	FRT1.JPG	Affiliative	AFF3.JPG	3	7	70	30	2	1	67	33	11
2016_04_15_2_07_PM	41013.5471158143	29987	10	632046	11	15000	2	15000	99				1	Fruit	FRT3.JPG	Affiliative	AFF4.JPG	3	8	73	27	2	1	67	33	12
2016_04_15_2_08_PM	41013.5478218384	29987	10	693046	12	15000	2	15000	99				1	Fruit	FRT2.JPG	Affiliative	AFF2.JPG	3	9	75	25	2	1	67	33	13
2016_04_15_2_09_PM	41013.5485278510	29987	10	754046	13	15000	2	15000	99				1	Aggressive	AGG2.JPG	Fruit	FRT2.JPG	3	10	77	23	2	1	67	33	14
2016_04_15_2_10_PM	41013.5492338752	29987	10	815046	14	15000	2	15000	99				1	Aggressive	AGG4.JPG	Fruit	FRT4.JPG	3	11	79	21	2	1	67	33	15
2016_04_15_2_11_PM	41013.5499398878	29987	10	876046	15	15000	2	15000	99				1	Aggressive	AGG6.JPG	Fruit	FRT1.JPG	3	12	80	20	2	1	67	33	16
2016_04_15_2_12_PM	41013.5506459120	29987	10	937046	16	15000	2	15000	99				1	Aggressive	AGG1.JPG	Fruit	FRT5.JPG	3	13	81	19	2	1	67	33	17
2016_04_15_2_13_PM	41013.5513519246	29987	10	998046	17	15000	2	15000	99				1	Aggressive	AGG5.JPG	Fruit	FRT6.JPG	3	14	82	18	2	1	67	33	18
2016_04_15_2_14_PM	41013.5520579488	29987	10	1059046	18	15000	2	15000	99				1	Aggressive	AGG3.JPG	Fruit	FRT3.JPG	3	15	83	17	2	1	67	33	19
2016_04_15_2_16_PM	41013.5528334098	29987	10	1126046	19	15000	2	15000	99				1	Lab	LAB5.JPG	Cynomolgus	CYN1.JPG	3	16	84	16	2	1	67	33	20
2016_04_15_2_17_PM	41013.5535394340	29987	10	1187047	20	15000	2	15000	99				1	Lab	LAB3.JPG	Cynomolgus	CYN5.JPG	3	17	85	15	2	1	67	33	21
2016_04_15_2_17_PM	41013.5541368409	29987	10	1238319	21	5273	0	5273	0	Lab	LAB6.JPG	1	2	Lab	LAB6.JPG	Cynomolgus	CYN6.JPG	4	17	81	19	3	1	75	25	22
2016_04_15_2_19_PM	41013.5549514592	29987	10	1309046	22	15000	2	15000	99				2	Lab	LAB1.JPG	Cynomolgus	CYN3.JPG	4	18	82	18	3	1	75	25	23
2016_04_15_2_20_PM	41013.5556574834	29987	10	1370046	23	15000	2	15000	99				2	Lab	LAB4.JPG	Cynomolgus	CYN2.JPG	4	19	83	17	3	1	75	25	24
2016_04_15_2_21_PM	41013.5563634960	29987	10	1431046	24	15000	2	15000	99				2	Lab	LAB2.JPG	Cynomolgus	CYN4.JPG	4	20	83	17	3	1	75	25	25
2016_04_15_2_22_PM	41013.5570695202	29987	10	1492046	25	15000	2	15000	99				2	Nature	NAT3.JPG	Aggressive	AGG4.JPG	4	21	84	16	3	1	75	25	26
2016_04_15_2_23_PM	41013.5577755328	29987	10	1553046	26	15000	2	15000	99				2	Nature	NAT4.JPG	Aggressive	AGG6.JPG	4	22	85	15	3	1	75	25	27
2016_04_15_2_24_PM	41013.5584815569	29987	10	1614046	27	15000	2	15000	99				2	Nature	NAT6.JPG	Aggressive	AGG1.JPG	4	23	85	15	3	1	75	25	28
2016_04_15_2_25_PM	41013.5591875695	29987	10	1675046	28	15000	2	15000	99				2	Nature	NAT5.JPG	Aggressive	AGG5.JPG	4	24	86	14	3	1	75	25	29
2016_04_15_2_26_PM	41013.5597527176	29987	10	1723566	29	2520	0	2520	0	Nature	NAT2.JPG		2	Nature	NAT2.JPG	Aggressive	AGG2.JPG	5	24	83	17	4	1	80	20	30
2016_04_15_2_26_PM	41013.5598325833	29987	10	1730773	29	9727	1	9727	99				2	NAT2.JPG		AGG2.JPG		5	24	83	17	4	1	80	20	31
2016_04_15_2_26_PM	41013.5601713642	29987	10	1760044	29	38998	1	38998	99				2					5	24	83	17	4	1	80	20	32
2016_04_15_2_27_PM	41013.5605996179	29987	10	1797046	30	15000	2	15000	99				2	Nature	NAT1.JPG	Aggressive	AGG3.JPG	5	25	83	17	4	1	80	20	33
2016_04_15_2_28_PM	41013.5613056305	29987	10	1858046	31	15000	2	15000	99				2	Lab	LAB2.JPG	Nature	NAT2.JPG	5	26	84	16	4	1	80	20	34
2016_04_15_2_29_PM	41013.5620116547	29987	10	1919046	32	15000	2	15000	99				2	Lab	LAB6.JPG	Nature	NAT1.JPG	5	27	84	16	4	1	80	20	35
2016_04_15_2_30_PM	41013.5627176673	29987	10	1980046	33	15000	2	15000	99				2	Lab	LAB1.JPG	Nature	NAT3.JPG	5	28	85	15	4	1	80	20	36
2016_04_15_2_31_PM	41013.5634236915	29987	10	2041046	34	15000	2	15000	99				2	Lab	LAB5.JPG	Nature	NAT5.JPG	5	29	85	15	4	1	80	20	37
2016_04_15_2_32_PM	41013.5641297041	29987	10	2102046	35	15000	2	15000	99				2	Lab	LAB4.JPG	Nature	NAT4.JPG	5	30	86	14	4	1	80	20	38
2016_04_15_2_33_PM	41013.5648357283	29987	10	2163046	36	15000	2	15000	99				2	Lab	LAB3.JPG	Nature	NAT6.JPG	5	31	86	14	4	1	80	20	39
2016_04_15_2_34_PM	41013.5655892089	29987	10	2228127	37	13081	0	13081	0	Affiliative	AFF5.JPG		2	Affiliative	AFF5.JPG	Cynomolgus	CYN5.JPG	6	31	84	16	5	1	83	17	40
2016_04_15_2_34_PM	41013.5656371514	29987	10	2232288	37	17242	1	17242	99				2	AFF5.JPG		CYN5.JPG		6	31	84	16	5	1	83	17	41
2016_04_15_2_34_PM	41013.5656469899	29987	10	2233138	37	18092	1	18092	99				2					6	31	84	16	5	1	83	17	42
2016_04_15_2_34_PM	41013.5656585415	29987	10	2234136	37	19090	1	19090	99				2					6	31	84	16	5	1	83	17	43
2016_04_15_2_34_PM	41013.5656923166	29987	10	2237055	37	22009	1	22009	99				2					6	31	84	16	5	1	83	17	44
2016_04_15_2_35_PM	41013.5663172019	29987	10	2291046	38	15000	2	15000	99				2	Affiliative	AFF1.JPG	Cynomolgus	CYN2.JPG	6	32	84	16	5	1	83	17	45
2016_04_15_2_36_PM	41013.5670232261	29987	10	2352046	39	15000	2	15000	99				2	Affiliative	AFF4.JPG	Cynomolgus	CYN6.JPG	6	33	85	15	5	1	83	17	46
2016_04_15_2_37_PM	41013.5676587601	29987	10	2406935	40	8889	0	8889	0	Affiliative	AFF3.JPG		2	Affiliative	AFF3.JPG	Cynomolgus	CYN4.JPG	7	33	82	18	6	1	86	14	47
2016_04_15_2_38_PM	41013.5684352628	29987	10	2474046	41	15000	2	15000	99				2	Affiliative	AFF6.JPG	Cynomolgus	CYN1.JPG	7	34	83	17	6	1	86	14	48
2016_04_15_2_39_PM	41013.5690912494	29987	10	2530691	42	10645	0	10645	0	Affiliative	AFF2.JPG		2	Affiliative	AFF2.JPG	Cynomolgus	CYN3.JPG	8	34	81	19	7	1	88	12	49
2016_04_15_2_39_PM	41013.5691427339	29987	10	2535171	42	15125	1	15125	99				2	AFF2.JPG		CYN3.JPG		8	34	81	19	7	1	88	12	50
2016_04_15_2_39_PM	41013.5692724751	29987	10	2546380	42	26334	1	26334	99				2					8	34	81	19	7	1	88	12	51
2016_04_15_2_40_PM	41013.5698472996	29987	10	2596046	43	15000	2	15000	99				2	Nature	NAT3.JPG	Cynomolgus	CYN1.JPG	8	35	81	19	7	1	88	12	52
2016_04_15_2_41_PM	41013.5705533122	29987	10	2657046	44	15000	2	15000	99				2	Nature	NAT4.JPG	Cynomolgus	CYN4.JPG	8	36	82	18	7	1	88	12	53
2016_04_15_2_42_PM	41013.5712593364	29987	10	2718046	45	15000	2	15000	99				2	Nature	NAT2.JPG	Cynomolgus	CYN6.JPG	8	37	82	18	7	1	88	12	54
2016_04_15_2_43_PM	41013.5719653490	29987	10	2779046	46	15000	2	15000	99				2	Nature	NAT5.JPG	Cynomolgus	CYN2.JPG	8	38	83	17	7	1	88	12	55
2016_04_15_2_44_PM	41013.5726713732	29987	10	2840046	47	15000	2	15000	99				2	Nature	NAT1.JPG	Cynomolgus	CYN5.JPG	8	39	83	17	7	1	88	12	56
2016_04_15_2_45_PM	41013.5733773858	29987	10	2901046	48	15000	2	15000	99				2	Nature	NAT6.JPG	Cynomolgus	CYN3.JPG	8	40	83	17	7	1	88	12	57
2016_04_15_2_46_PM	41013.5740834100	29987	10	2962046	49	15000	2	15000	99				2	Fruit	FRT4.JPG	Lab	LAB1.JPG	8	41	84	16	7	1	88	12	58
2016_04_15_2_47_PM	41013.5747894226	29987	10	3023046	50	15000	2	15000	99				2	Fruit	FRT3.JPG	Lab	LAB2.JPG	8	42	84	16	7	1	88	12	59
2016_04_15_2_48_PM	41013.5754954467	29987	10	3084046	51	15000	2	15000	99				2	Fruit	FRT5.JPG	Lab	LAB3.JPG	8	43	84	16	7	1	88	12	60
2016_04_15_2_49_PM	41013.5762014593	29987	10	3145046	52	15000	2	15000	99				2	Fruit	FRT6.JPG	Lab	LAB5.JPG	8	44	85	15	7	1	88	12	61
2016_04_15_2_50_PM	41013.5769074835	29987	10	3206046	53	15000	2	15000	99				2	Fruit	FRT1.JPG	Lab	LAB6.JPG	8	45	85	15	7	1	88	12	62
2016_04_15_2_51_PM	41013.5776134961	29987	10	3267046	54	15000	2	15000	99				2	Fruit	FRT2.JPG	Lab	LAB4.JPG	8	46	85	15	7	1	88	12	63
Date	Time	Monkey	Panel	Sess Time	Trial	Trial Time	code (0 grid touch, 1 large pix touch, 2 failed trial)	Latency to grid touch	Grid Choice	Category	Picture	Switch?	Switch count	Left categ	Left picture	Right categ	Right picture	Correct Trials	Failed Trials	% Failed	% success	Correct Trials Left	Correct Trials Right	% left choice	% right choice	record number
2016_04_15_1_43_PM	41013.5302291927	30547	11	21597	1	15000	2	15000	99				0	Cynomolgus	CYN2.JPG	Lab	LAB3.JPG	0	1	100	0	0	0	NaN	NaN	1
2016_04_15_1_44_PM	41013.5308340074	30547	11	73832	2	6236	0	6236	0	Cynomolgus	CYN5.JPG		0	Cynomolgus	CYN5.JPG	Lab	LAB5.JPG	1	1	50	50	1	0	100	0	2
2016_04_15_1_45_PM	41013.5315398348	30547	11	134814	3	6218	0	6218	0	Cynomolgus	CYN3.JPG		0	Cynomolgus	CYN3.JPG	Lab	LAB2.JPG	2	1	33	67	2	0	100	0	3
2016_04_15_1_46_PM	41013.5323472421	30547	11	204596	4	15000	2	15000	99				0	Cynomolgus	CYN4.JPG	Lab	LAB1.JPG	2	2	50	50	2	0	100	0	4
2016_04_15_1_47_PM	41013.5330532547	30547	11	265596	5	15000	2	15000	99				0	Cynomolgus	CYN6.JPG	Lab	LAB4.JPG	2	3	60	40	2	0	100	0	5
2016_04_15_1_48_PM	41013.5337592905	30547	11	326597	6	15000	2	15000	99				0	Cynomolgus	CYN1.JPG	Lab	LAB6.JPG	2	4	67	33	2	0	100	0	6
2016_04_15_1_49_PM	41013.5343382819	30547	11	376596	7	4000	0	4000	0	Aggressive	AGG2.JPG		0	Aggressive	AGG2.JPG	Cynomolgus	CYN3.JPG	3	4	57	43	3	0	100	0	7
2016_04_15_1_50_PM	41013.5351713157	30547	11	448596	8	15000	2	15000	99				0	Aggressive	AGG3.JPG	Cynomolgus	CYN5.JPG	3	5	62	38	3	0	100	0	8
2016_04_15_1_51_PM	41013.5358773283	30547	11	509596	9	15000	2	15000	99				0	Aggressive	AGG4.JPG	Cynomolgus	CYN4.JPG	3	6	67	33	3	0	100	0	9
2016_04_15_1_52_PM	41013.5365833525	30547	11	570596	10	15000	2	15000	99				0	Aggressive	AGG6.JPG	Cynomolgus	CYN2.JPG	3	7	70	30	3	0	100	0	10
2016_04_15_1_53_PM	41013.5371369837	30547	11	618409	11	1813	0	1813	0	Aggressive	AGG5.JPG		0	Aggressive	AGG5.JPG	Cynomolgus	CYN1.JPG	4	7	64	36	4	0	100	0	11
2016_04_15_1_54_PM	41013.5379953893	30547	11	692596	12	15000	2	15000	99				0	Aggressive	AGG1.JPG	Cynomolgus	CYN6.JPG	4	8	67	33	4	0	100	0	12
2016_04_15_1_55_PM	41013.5387014019	30547	11	753596	13	15000	2	15000	99				0	Affiliative	AFF2.JPG	Nature	NAT5.JPG	4	9	69	31	4	0	100	0	13
2016_04_15_1_56_PM	41013.5394074260	30547	11	814596	14	15000	2	15000	99				0	Affiliative	AFF6.JPG	Nature	NAT6.JPG	4	10	71	29	4	0	100	0	14
2016_04_15_1_57_PM	41013.5399909664	30547	11	864994	15	4398	0	4398	0	Affiliative	AFF5.JPG		0	Affiliative	AFF5.JPG	Nature	NAT3.JPG	5	10	67	33	5	0	100	0	15
2016_04_15_1_57_PM	41013.5401577930	30547	11	879428	15	18832	1	18832	99				0	AFF5.JPG		NAT3.JPG		5	10	67	33	5	0	100	0	16
2016_04_15_1_58_PM	41013.5404160254	30547	11	901739	15	41143	1	41143	99				0					5	10	67	33	5	0	100	0	17
2016_04_15_1_58_PM	41013.5404310494	30547	11	903036	15	42440	1	42440	99				0					5	10	67	33	5	0	100	0	18
2016_04_15_1_58_PM	41013.5404381910	30547	11	903653	15	43057	1	43057	99				0					5	10	67	33	5	0	100	0	19
2016_04_15_1_58_PM	41013.5404434807	30547	11	904110	15	43514	1	43514	99				0					5	10	67	33	5	0	100	0	20
2016_04_15_1_58_PM	41013.5404474855	30547	11	904456	15	43860	1	43860	99				0					5	10	67	33	5	0	100	0	21
2016_04_15_1_58_PM	41013.5408194628	30547	11	936596	16	15000	2	15000	99				0	Affiliative	AFF4.JPG	Nature	NAT2.JPG	5	11	69	31	5	0	100	0	22
2016_04_15_1_59_PM	41013.5415254754	30547	11	997596	17	15000	2	15000	99				0	Affiliative	AFF3.JPG	Nature	NAT1.JPG	5	12	71	29	5	0	100	0	23
2016_04_15_2_00_PM	41013.5422314996	30547	11	1058596	18	15000	2	15000	99				0	Affiliative	AFF1.JPG	Nature	NAT4.JPG	5	13	72	28	5	0	100	0	24
2016_04_15_2_01_PM	41013.5430069606	30547	11	1125596	19	15000	2	15000	99				0	Fruit	FRT1.JPG	Nature	NAT1.JPG	5	14	74	26	5	0	100	0	25
2016_04_15_2_02_PM	41013.5437129732	30547	11	1186596	20	15000	2	15000	99				0	Fruit	FRT2.JPG	Nature	NAT6.JPG	5	15	75	25	5	0	100	0	26
2016_04_15_2_03_PM	41013.5444189974	30547	11	1247596	21	15000	2	15000	99				0	Fruit	FRT5.JPG	Nature	NAT4.JPG	5	16	76	24	5	0	100	0	27
2016_04_15_2_04_PM	41013.5451250100	30547	11	1308596	22	15000	2	15000	99				0	Fruit	FRT6.JPG	Nature	NAT5.JPG	5	17	77	23	5	0	100	0	28
2016_04_15_2_06_PM	41013.5458310342	30547	11	1369596	23	15000	2	15000	99				0	Fruit	FRT4.JPG	Nature	NAT3.JPG	5	18	78	22	5	0	100	0	29
2016_04_15_2_07_PM	41013.5465370468	30547	11	1430596	24	15000	2	15000	99				0	Fruit	FRT3.JPG	Nature	NAT2.JPG	5	19	79	21	5	0	100	0	30
2016_04_15_2_08_PM	41013.5472430710	30547	11	1491596	25	15000	2	15000	99				0	Aggressive	AGG4.JPG	Fruit	FRT6.JPG	5	20	80	20	5	0	100	0	31
2016_04_15_2_09_PM	41013.5479490836	30547	11	1552596	26	15000	2	15000	99				0	Aggressive	AGG3.JPG	Fruit	FRT4.JPG	5	21	81	19	5	0	100	0	32
2016_04_15_2_10_PM	41013.5486551077	30547	11	1613596	27	15000	2	15000	99				0	Aggressive	AGG1.JPG	Fruit	FRT1.JPG	5	22	81	19	5	0	100	0	33
2016_04_15_2_10_PM	41013.5492848544	30547	11	1667980	28	8384	0	8384	0	Aggressive	AGG2.JPG		0	Aggressive	AGG2.JPG	Fruit	FRT3.JPG	6	22	79	21	6	0	100	0	34
2016_04_15_2_11_PM	41013.5495488394	30547	11	1690814	28	31218	1	31218	99				0	AGG2.JPG		FRT3.JPG		6	22	79	21	6	0	100	0	35
2016_04_15_2_12_PM	41013.5500671445	30547	11	1735596	29	15000	2	15000	99				0	Aggressive	AGG6.JPG	Fruit	FRT5.JPG	6	23	79	21	6	0	100	0	36
2016_04_15_2_13_PM	41013.5507731803	30547	11	1796597	30	15000	2	15000	99				0	Aggressive	AGG5.JPG	Fruit	FRT2.JPG	6	24	80	20	6	0	100	0	37
2016_04_15_2_14_PM	41013.5514791813	30547	11	1857596	31	15000	2	15000	99				0	Affiliative	AFF2.JPG	Cynomolgus	CYN5.JPG	6	25	81	19	6	0	100	0	38
2016_04_15_2_15_PM	41013.5521852055	30547	11	1918596	32	15000	2	15000	99				0	Affiliative	AFF3.JPG	Cynomolgus	CYN4.JPG	6	26	81	19	6	0	100	0	39
2016_04_15_2_16_PM	41013.5528912181	30547	11	1979596	33	15000	2	15000	99				0	Affiliative	AFF6.JPG	Cynomolgus	CYN2.JPG	6	27	82	18	6	0	100	0	40
2016_04_15_2_17_PM	41013.5535972423	30547	11	2040596	34	15000	2	15000	99				0	Affiliative	AFF4.JPG	Cynomolgus	CYN1.JPG	6	28	82	18	6	0	100	0	41
2016_04_15_2_18_PM	41013.5543032549	30547	11	2101596	35	15000	2	15000	99				0	Affiliative	AFF1.JPG	Cynomolgus	CYN6.JPG	6	29	83	17	6	0	100	0	42
2016_04_15_2_19_PM	41013.5550092791	30547	11	2162596	36	15000	2	15000	99				0	Affiliative	AFF5.JPG	Cynomolgus	CYN3.JPG	6	30	83	17	6	0	100	0	43
2016_04_15_2_20_PM	41013.5557847401	30547	11	2229596	37	15000	2	15000	99				0	Lab	LAB4.JPG	Nature	NAT1.JPG	6	31	84	16	6	0	100	0	44
2016_04_15_2_21_PM	41013.5564907527	30547	11	2290596	38	15000	2	15000	99				0	Lab	LAB3.JPG	Nature	NAT5.JPG	6	32	84	16	6	0	100	0	45
2016_04_15_2_22_PM	41013.5571967769	30547	11	2351596	39	15000	2	15000	99				0	Lab	LAB2.JPG	Nature	NAT6.JPG	6	33	85	15	6	0	100	0	46
2016_04_15_2_23_PM	41013.5579027895	30547	11	2412596	40	15000	2	15000	99				0	Lab	LAB6.JPG	Nature	NAT2.JPG	6	34	85	15	6	0	100	0	47
2016_04_15_2_24_PM	41013.5586088136	30547	11	2473596	41	15000	2	15000	99				0	Lab	LAB5.JPG	Nature	NAT3.JPG	6	35	85	15	6	0	100	0	48
2016_04_15_2_25_PM	41013.5593148262	30547	11	2534596	42	15000	2	15000	99				0	Lab	LAB1.JPG	Nature	NAT4.JPG	6	36	86	14	6	0	100	0	49
2016_04_15_2_26_PM	41013.5600208504	30547	11	2595596	43	15000	2	15000	99				0	Fruit	FRT3.JPG	Lab	LAB4.JPG	6	37	86	14	6	0	100	0	50
2016_04_15_2_27_PM	41013.5607268630	30547	11	2656596	44	15000	2	15000	99				0	Fruit	FRT4.JPG	Lab	LAB1.JPG	6	38	86	14	6	0	100	0	51
2016_04_15_2_28_PM	41013.5614328872	30547	11	2717596	45	15000	2	15000	99				0	Fruit	FRT5.JPG	Lab	LAB6.JPG	6	39	87	13	6	0	100	0	52
2016_04_15_2_29_PM	41013.5620042046	30547	11	2766937	46	3341	0	3341	0	Fruit	FRT1.JPG		0	Fruit	FRT1.JPG	Lab	LAB3.JPG	7	39	85	15	7	0	100	0	53
2016_04_15_2_29_PM	41013.5620203282	30547	11	2768349	46	4753	1	4753	99				0	FRT1.JPG		LAB3.JPG		7	39	85	15	7	0	100	0	54
2016_04_15_2_29_PM	41013.5620264397	30547	11	2768879	46	5283	1	5283	99				0					7	39	85	15	7	0	100	0	55
2016_04_15_2_29_PM	41013.5624352246	30547	11	2804197	46	40601	1	40601	99				0					7	39	85	15	7	0	100	0	56
2016_04_15_2_29_PM	41013.5624388128	30547	11	2804507	46	40911	1	40911	99				0					7	39	85	15	7	0	100	0	57
2016_04_15_2_30_PM	41013.5628449240	30547	11	2839596	47	15000	2	15000	99				0	Fruit	FRT2.JPG	Lab	LAB2.JPG	7	40	85	15	7	0	100	0	58
2016_04_15_2_31_PM	41013.5635509366	30547	11	2900596	48	15000	2	15000	99				0	Fruit	FRT6.JPG	Lab	LAB5.JPG	7	41	85	15	7	0	100	0	59
2016_04_15_2_32_PM	41013.5642569608	30547	11	2961596	49	15000	2	15000	99				0	Aggressive	AGG4.JPG	Affiliative	AFF3.JPG	7	42	86	14	7	0	100	0	60
2016_04_15_2_33_PM	41013.5649629734	30547	11	3022596	50	15000	2	15000	99				0	Aggressive	AGG6.JPG	Affiliative	AFF6.JPG	7	43	86	14	7	0	100	0	61
2016_04_15_2_34_PM	41013.5656689976	30547	11	3083596	51	15000	2	15000	99				0	Aggressive	AGG2.JPG	Affiliative	AFF2.JPG	7	44	86	14	7	0	100	0	62
2016_04_15_2_35_PM	41013.5663750102	30547	11	3144596	52	15000	2	15000	99				0	Aggressive	AGG5.JPG	Affiliative	AFF5.JPG	7	45	87	13	7	0	100	0	63
2016_04_15_2_36_PM	41013.5670788120	30547	11	3205373	53	14777	0	14777	0	Aggressive	AGG1.JPG		0	Aggressive	AGG1.JPG	Affiliative	AFF1.JPG	8	45	85	15	8	0	100	0	64
2016_04_15_2_37_PM	41013.5677573693	30547	11	3264008	54	12412	0	12412	1	Affiliative	AFF4.JPG	1	1	Aggressive	AGG3.JPG	Affiliative	AFF4.JPG	9	45	83	17	8	1	89	11	65
2016_04_15_2_37_PM	41013.5677596495	30547	11	3264227	54	12631	1	12631	99				1	AGG3.JPG		AFF4.JPG		9	45	83	17	8	1	89	11	66
