Date	Time	Monkey	Panel	Sess Time	Trial	Trial Time	code (0 grid touch, 1 large pix touch, 2 failed trial)	Latency to grid touch	Grid Choice	Category	Picture	Switch?	Switch count	Left categ	Left picture	Right categ	Right picture	Correct Trials	Failed Trials	% Failed	% success	Correct Trials Left	Correct Trials Right	% left choice	% right choice	record number
2016_04_08_1_28_PM	41006.5200402392	30557	6	19735	1	14639	0	14639	1	Affiliative	AFF1.JPG		0	Fruit	FRT4.JPG	Affiliative	AFF1.JPG	1	0	0	100	0	1	0	100	1
2016_04_08_1_28_PM	41006.5200561777	30557	6	21135	1	16039	1	16039	99				0					1	0	0	100	0	1	0	100	2
2016_04_08_1_29_PM	41006.5206468249	30557	6	72147	2	6052	0	6052	1	Affiliative	AFF3.JPG		0	Fruit	FRT5.JPG	Affiliative	AFF3.JPG	2	0	0	100	0	2	0	100	3
2016_04_08_1_29_PM	41006.5206794425	30557	6	74984	2	8889	1	8889	99				0					2	0	0	100	0	2	0	100	4
2016_04_08_1_29_PM	41006.5206871975	30557	6	75654	2	9559	1	9559	99				0					2	0	0	100	0	2	0	100	5
2016_04_08_1_29_PM	41006.5207035063	30557	6	77064	2	10969	1	10969	99				0					2	0	0	100	0	2	0	100	6
2016_04_08_1_29_PM	41006.5207142130	30557	6	77988	2	11893	1	11893	99				0					2	0	0	100	0	2	0	100	7
2016_04_08_1_29_PM	41006.5207334849	30557	6	79653	2	13558	1	13558	99				0					2	0	0	100	0	2	0	100	8
2016_04_08_1_30_PM	41006.5210217190	30557	6	104557	2	38462	1	38462	99				0					2	0	0	100	0	2	0	100	9
2016_04_08_1_30_PM	41006.5210385487	30557	6	106011	2	39916	1	39916	99				0					2	0	0	100	0	2	0	100	10
2016_04_08_1_30_PM	41006.5213111916	30557	6	129547	3	2452	0	2452	1	Affiliative	AFF2.JPG		0	Fruit	FRT6.JPG	Affiliative	AFF2.JPG	3	0	0	100	0	3	0	100	11
2016_04_08_1_30_PM	41006.5213298037	30557	6	131176	3	4081	1	4081	99				0					3	0	0	100	0	3	0	100	12
2016_04_08_1_30_PM	41006.5213432420	30557	6	132336	3	5241	1	5241	99				0					3	0	0	100	0	3	0	100	13
2016_04_08_1_30_PM	41006.5213516337	30557	6	133062	3	5967	1	5967	99				0					3	0	0	100	0	3	0	100	14
2016_04_08_1_30_PM	41006.5214290108	30557	6	139746	3	12651	1	12651	99				0					3	0	0	100	0	3	0	100	15
2016_04_08_1_31_PM	41006.5221622009	30557	6	203095	4	15000	2	15000	99				0	Fruit	FRT2.JPG	Affiliative	AFF4.JPG	3	1	25	75	0	3	0	100	16
2016_04_08_1_32_PM	41006.5228682135	30557	6	264095	5	15000	2	15000	99				0	Fruit	FRT3.JPG	Affiliative	AFF5.JPG	3	2	40	60	0	3	0	100	17
2016_04_08_1_33_PM	41006.5234603075	30557	6	315234	6	5139	0	5139	1	Affiliative	AFF6.JPG		0	Fruit	FRT1.JPG	Affiliative	AFF6.JPG	4	2	33	67	0	4	0	100	18
2016_04_08_1_33_PM	41006.5234764311	30557	6	316645	6	6550	1	6550	99				0					4	2	33	67	0	4	0	100	19
2016_04_08_1_33_PM	41006.5234998584	30557	6	318669	6	8574	1	8574	99				0					4	2	33	67	0	4	0	100	20
2016_04_08_1_34_PM	41006.5242240665	30557	6	381195	7	10100	0	10100	1	Lab	LAB1.JPG		0	Nature	NAT4.JPG	Lab	LAB1.JPG	5	2	29	71	0	5	0	100	21
2016_04_08_1_34_PM	41006.5242501560	30557	6	383494	7	12399	1	12399	99				0					5	2	29	71	0	5	0	100	22
2016_04_08_1_34_PM	41006.5242642771	30557	6	384715	7	13620	1	13620	99				0					5	2	29	71	0	5	0	100	23
2016_04_08_1_34_PM	41006.5242846255	30557	6	386472	7	15377	1	15377	99				0					5	2	29	71	0	5	0	100	24
2016_04_08_1_35_PM	41006.5243101362	30557	6	388677	7	17582	1	17582	99				0					5	2	29	71	0	5	0	100	25
2016_04_08_1_35_PM	41006.5243423256	30557	6	391457	7	20362	1	20362	99				0					5	2	29	71	0	5	0	100	26
2016_04_08_1_35_PM	41006.5249080987	30557	6	440317	8	8221	0	8221	0	Nature	NAT1.JPG	1	1	Nature	NAT1.JPG	Lab	LAB3.JPG	6	2	25	75	1	5	17	83	27
2016_04_08_1_35_PM	41006.5249408205	30557	6	443168	8	11072	1	11072	99				1					6	2	25	75	1	5	17	83	28
2016_04_08_1_35_PM	41006.5249798042	30557	6	446535	8	14439	1	14439	99				1					6	2	25	75	1	5	17	83	29
2016_04_08_1_36_PM	41006.5249994812	30557	6	448235	8	16139	1	16139	99				1					6	2	25	75	1	5	17	83	30
2016_04_08_1_36_PM	41006.5250169128	30557	6	449742	8	17646	1	17646	99				1					6	2	25	75	1	5	17	83	31
2016_04_08_1_36_PM	41006.5250307214	30557	6	450934	8	18838	1	18838	99				1					6	2	25	75	1	5	17	83	32
2016_04_08_1_36_PM	41006.5250420531	30557	6	451914	8	19818	1	19818	99				1					6	2	25	75	1	5	17	83	33
2016_04_08_1_36_PM	41006.5250581304	30557	6	453303	8	21207	1	21207	99				1					6	2	25	75	1	5	17	83	34
2016_04_08_1_36_PM	41006.5256192157	30557	6	501739	9	8644	0	8644	1	Lab	LAB4.JPG	1	2	Nature	NAT5.JPG	Lab	LAB4.JPG	7	2	22	78	1	6	14	86	35
2016_04_08_1_36_PM	41006.5256332791	30557	6	502996	9	9901	1	9901	99				2					7	2	22	78	1	6	14	86	36
2016_04_08_1_36_PM	41006.5256439973	30557	6	503922	9	10827	1	10827	99				2					7	2	22	78	1	6	14	86	37
2016_04_08_1_36_PM	41006.5256558382	30557	6	504946	9	11851	1	11851	99				2					7	2	22	78	1	6	14	86	38
2016_04_08_1_36_PM	41006.5256642299	30557	6	505670	9	12575	1	12575	99				2					7	2	22	78	1	6	14	86	39
2016_04_08_1_37_PM	41006.5256944284	30557	6	508280	9	15185	1	15185	99				2					7	2	22	78	1	6	14	86	40
2016_04_08_1_37_PM	41006.5257265251	30557	6	511052	9	17957	1	17957	99				2					7	2	22	78	1	6	14	86	41
2016_04_08_1_37_PM	41006.5257442229	30557	6	512582	9	19487	1	19487	99				2					7	2	22	78	1	6	14	86	42
2016_04_08_1_37_PM	41006.5257576612	30557	6	513742	9	20647	1	20647	99				2					7	2	22	78	1	6	14	86	43
2016_04_08_1_37_PM	41006.5262589167	30557	6	557027	10	2932	0	2932	0	Nature	NAT2.JPG	1	3	Nature	NAT2.JPG	Lab	LAB6.JPG	8	2	20	80	2	6	25	75	44
2016_04_08_1_37_PM	41006.5262888374	30557	6	559636	10	5541	1	5541	99				3					8	2	20	80	2	6	25	75	45
2016_04_08_1_37_PM	41006.5263027965	30557	6	560843	10	6748	1	6748	99				3					8	2	20	80	2	6	25	75	46
2016_04_08_1_37_PM	41006.5263046948	30557	6	561007	10	6912	1	6912	99				3					8	2	20	80	2	6	25	75	47
2016_04_08_1_37_PM	41006.5263053430	30557	6	561062	10	6967	1	6967	99				3					8	2	20	80	2	6	25	75	48
2016_04_08_1_37_PM	41006.5263693744	30557	6	566595	10	12500	1	12500	99				3					8	2	20	80	2	6	25	75	49
2016_04_08_1_37_PM	41006.5263748724	30557	6	567070	10	12975	1	12975	99				3					8	2	20	80	2	6	25	75	50
2016_04_08_1_38_PM	41006.5269739229	30557	6	618785	11	3690	0	3690	1	Lab	LAB2.JPG	1	4	Nature	NAT3.JPG	Lab	LAB2.JPG	9	2	18	82	2	7	22	78	51
2016_04_08_1_38_PM	41006.5269852082	30557	6	619802	11	4707	1	4707	99				4					9	2	18	82	2	7	22	78	52
2016_04_08_1_38_PM	41006.5269958223	30557	6	620719	11	5624	1	5624	99				4					9	2	18	82	2	7	22	78	53
2016_04_08_1_38_PM	41006.5270498300	30557	6	625385	11	10290	1	10290	99				4					9	2	18	82	2	7	22	78	54
2016_04_08_1_40_PM	41006.5277991668	30557	6	690084	12	13989	0	13989	1	Lab	LAB5.JPG		4	Nature	NAT6.JPG	Lab	LAB5.JPG	10	2	17	83	2	8	20	80	55
2016_04_08_1_40_PM	41006.5278234159	30557	6	692224	12	16129	1	16129	99				4					10	2	17	83	2	8	20	80	56
2016_04_08_1_40_PM	41006.5278534639	30557	6	694820	12	18725	1	18725	99				4					10	2	17	83	2	8	20	80	57
2016_04_08_1_41_PM	41006.5285626596	30557	6	756095	13	15000	2	15000	99				4	Affiliative	AFF4.JPG	Lab	LAB2.JPG	10	3	23	77	2	8	20	80	58
2016_04_08_1_41_PM	41006.5291418015	30557	6	806088	14	3993	0	3993	1	Lab	LAB6.JPG		4	Affiliative	AFF3.JPG	Lab	LAB6.JPG	11	3	21	79	2	9	18	82	59
2016_04_08_1_42_PM	41006.5291741876	30557	6	808930	14	6835	1	6835	99				4					11	3	21	79	2	9	18	82	60
2016_04_08_1_42_PM	41006.5291908436	30557	6	810369	14	8274	1	8274	99				4					11	3	21	79	2	9	18	82	61
2016_04_08_1_43_PM	41006.5299619873	30557	6	876975	15	13880	0	13880	0	Affiliative	AFF5.JPG	1	5	Affiliative	AFF5.JPG	Lab	LAB3.JPG	12	3	20	80	3	9	25	75	62
2016_04_08_1_43_PM	41006.5300249539	30557	6	882437	15	19342	1	19342	99				5					12	3	20	80	3	9	25	75	63
2016_04_08_1_43_PM	41006.5301513963	30557	6	893362	15	30267	1	30267	99				5					12	3	20	80	3	9	25	75	64
2016_04_08_1_44_PM	41006.5306807205	30557	6	939095	16	15000	2	15000	99				5	Affiliative	AFF6.JPG	Lab	LAB1.JPG	12	4	25	75	3	9	25	75	65
2016_04_08_1_45_PM	41006.5313240907	30557	6	994661	17	9566	0	9566	0	Affiliative	AFF2.JPG		5	Affiliative	AFF2.JPG	Lab	LAB4.JPG	13	4	24	76	4	9	31	69	66
2016_04_08_1_45_PM	41006.5313453187	30557	6	996515	17	11420	1	11420	99				5					13	4	24	76	4	9	31	69	67
2016_04_08_1_45_PM	41006.5314214110	30557	6	1003091	17	17996	1	17996	99				5					13	4	24	76	4	9	31	69	68
2016_04_08_1_45_PM	41006.5315444968	30557	6	1013725	17	28630	1	28630	99				5					13	4	24	76	4	9	31	69	69
2016_04_08_1_46_PM	41006.5319472860	30557	6	1048481	18	2386	0	2386	1	Lab	LAB5.JPG	1	6	Affiliative	AFF1.JPG	Lab	LAB5.JPG	14	4	22	78	4	10	29	71	70
2016_04_08_1_47_PM	41006.5327987699	30557	6	1122095	19	15000	2	15000	99				6	Fruit	FRT4.JPG	Lab	LAB3.JPG	14	5	26	74	4	10	29	71	71
2016_04_08_1_48_PM	41006.5335047941	30557	6	1183095	20	15000	2	15000	99				6	Fruit	FRT1.JPG	Lab	LAB2.JPG	14	6	30	70	4	10	29	71	72
2016_04_08_1_49_PM	41006.5341357561	30557	6	1237566	21	8471	0	8471	1	Lab	LAB4.JPG		6	Fruit	FRT2.JPG	Lab	LAB4.JPG	15	6	29	71	4	11	27	73	73
2016_04_08_1_49_PM	41006.5341594264	30557	6	1239655	21	10560	1	10560	99				6					15	6	29	71	4	11	27	73	74
2016_04_08_1_49_PM	41006.5342485866	30557	6	1247358	21	18263	1	18263	99				6					15	6	29	71	4	11	27	73	75
2016_04_08_1_50_PM	41006.5349168309	30557	6	1305095	22	15000	2	15000	99				6	Fruit	FRT6.JPG	Lab	LAB1.JPG	15	7	32	68	4	11	27	73	76
2016_04_08_1_51_PM	41006.5355175597	30557	6	1356952	23	5857	0	5857	1	Lab	LAB5.JPG		6	Fruit	FRT5.JPG	Lab	LAB5.JPG	16	7	30	70	4	12	25	75	77
2016_04_08_1_51_PM	41006.5356335501	30557	6	1367019	23	15924	1	15924	99				6					16	7	30	70	4	12	25	75	78
2016_04_08_1_52_PM	41006.5362397075	30557	6	1419357	24	7262	0	7262	0	Fruit	FRT3.JPG	1	7	Fruit	FRT3.JPG	Lab	LAB6.JPG	17	7	29	71	5	12	29	71	79
2016_04_08_1_53_PM	41006.5370811908	30557	6	1492096	25	15000	2	15000	99				7	Fruit	FRT4.JPG	Nature	NAT6.JPG	17	8	32	68	5	12	29	71	80
2016_04_08_1_54_PM	41006.5377872034	30557	6	1553096	26	15000	2	15000	99				7	Fruit	FRT3.JPG	Nature	NAT3.JPG	17	9	35	65	5	12	29	71	81
2016_04_08_1_55_PM	41006.5384932276	30557	6	1614096	27	15000	2	15000	99				7	Fruit	FRT1.JPG	Nature	NAT4.JPG	17	10	37	63	5	12	29	71	82
2016_04_08_1_56_PM	41006.5391992402	30557	6	1675096	28	15000	2	15000	99				7	Fruit	FRT2.JPG	Nature	NAT1.JPG	17	11	39	61	5	12	29	71	83
2016_04_08_1_57_PM	41006.5398193451	30557	6	1728652	29	7556	0	7556	0	Fruit	FRT5.JPG		7	Fruit	FRT5.JPG	Nature	NAT2.JPG	18	11	38	62	6	12	33	67	84
2016_04_08_1_58_PM	41006.5406112885	30557	6	1797096	30	15000	2	15000	99				7	Fruit	FRT6.JPG	Nature	NAT5.JPG	18	12	40	60	6	12	33	67	85
2016_04_08_1_59_PM	41006.5413173011	30557	6	1858096	31	15000	2	15000	99				7	Affiliative	AFF3.JPG	Nature	NAT1.JPG	18	13	42	58	6	12	33	67	86
2016_04_08_2_00_PM	41006.5420233253	30557	6	1919096	32	15000	2	15000	99				7	Affiliative	AFF4.JPG	Nature	NAT2.JPG	18	14	44	56	6	12	33	67	87
2016_04_08_2_01_PM	41006.5427293379	30557	6	1980096	33	15000	2	15000	99				7	Affiliative	AFF1.JPG	Nature	NAT4.JPG	18	15	45	55	6	12	33	67	88
2016_04_08_2_02_PM	41006.5434353621	30557	6	2041096	34	15000	2	15000	99				7	Affiliative	AFF5.JPG	Nature	NAT3.JPG	18	16	47	53	6	12	33	67	89
2016_04_08_2_03_PM	41006.5441413747	30557	6	2102096	35	15000	2	15000	99				7	Affiliative	AFF2.JPG	Nature	NAT5.JPG	18	17	49	51	6	12	33	67	90
2016_04_08_2_04_PM	41006.5448473989	30557	6	2163096	36	15000	2	15000	99				7	Affiliative	AFF6.JPG	Nature	NAT6.JPG	18	18	50	50	6	12	33	67	91
Date	Time	Monkey	Panel	Sess Time	Trial	Trial Time	code (0 grid touch, 1 large pix touch, 2 failed trial)	Latency to grid touch	Grid Choice	Category	Picture	Switch?	Switch count	Left categ	Left picture	Right categ	Right picture	Correct Trials	Failed Trials	% Failed	% success	Correct Trials Left	Correct Trials Right	% left choice	% right choice	record number
2016_04_08_1_17_PM	41006.5119824234	30547	11	20103	1	15000	2	15000	99				0	Nature	NAT1.JPG	Affiliative	AFF1.JPG	0	1	100	0	0	0	NaN	NaN	1
2016_04_08_1_18_PM	41006.5126884476	30547	11	81103	2	15000	2	15000	99				0	Nature	NAT6.JPG	Affiliative	AFF5.JPG	0	2	100	0	0	0	NaN	NaN	2
2016_04_08_1_19_PM	41006.5133944602	30547	11	142103	3	15000	2	15000	99				0	Nature	NAT2.JPG	Affiliative	AFF4.JPG	0	3	100	0	0	0	NaN	NaN	3
2016_04_08_1_20_PM	41006.5141004843	30547	11	203103	4	15000	2	15000	99				0	Nature	NAT3.JPG	Affiliative	AFF3.JPG	0	4	100	0	0	0	NaN	NaN	4
2016_04_08_1_21_PM	41006.5148064969	30547	11	264103	5	15000	2	15000	99				0	Nature	NAT4.JPG	Affiliative	AFF6.JPG	0	5	100	0	0	0	NaN	NaN	5
2016_04_08_1_22_PM	41006.5155125211	30547	11	325103	6	15000	2	15000	99				0	Nature	NAT5.JPG	Affiliative	AFF2.JPG	0	6	100	0	0	0	NaN	NaN	6
2016_04_08_1_23_PM	41006.5162185337	30547	11	386103	7	15000	2	15000	99				0	Fruit	FRT2.JPG	Affiliative	AFF4.JPG	0	7	100	0	0	0	NaN	NaN	7
2016_04_08_1_24_PM	41006.5169245579	30547	11	447103	8	15000	2	15000	99				0	Fruit	FRT4.JPG	Affiliative	AFF1.JPG	0	8	100	0	0	0	NaN	NaN	8
2016_04_08_1_25_PM	41006.5176305705	30547	11	508103	9	15000	2	15000	99				0	Fruit	FRT5.JPG	Affiliative	AFF5.JPG	0	9	100	0	0	0	NaN	NaN	9
2016_04_08_1_26_PM	41006.5183365947	30547	11	569103	10	15000	2	15000	99				0	Fruit	FRT1.JPG	Affiliative	AFF3.JPG	0	10	100	0	0	0	NaN	NaN	10
2016_04_08_1_27_PM	41006.5190426073	30547	11	630103	11	15000	2	15000	99				0	Fruit	FRT3.JPG	Affiliative	AFF2.JPG	0	11	100	0	0	0	NaN	NaN	11
2016_04_08_1_28_PM	41006.5197486315	30547	11	691103	12	15000	2	15000	99				0	Fruit	FRT6.JPG	Affiliative	AFF6.JPG	0	12	100	0	0	0	NaN	NaN	12
2016_04_08_1_29_PM	41006.5205009430	30547	11	756103	13	15000	2	15000	99				0	Fruit	FRT1.JPG	Lab	LAB2.JPG	0	13	100	0	0	0	NaN	NaN	13
2016_04_08_1_30_PM	41006.5212069788	30547	11	817104	14	15000	2	15000	99				0	Fruit	FRT2.JPG	Lab	LAB1.JPG	0	14	100	0	0	0	NaN	NaN	14
2016_04_08_1_31_PM	41006.5219129914	30547	11	878104	15	15000	2	15000	99				0	Fruit	FRT4.JPG	Lab	LAB6.JPG	0	15	100	0	0	0	NaN	NaN	15
2016_04_08_1_32_PM	41006.5226190156	30547	11	939104	16	15000	2	15000	99				0	Fruit	FRT3.JPG	Lab	LAB4.JPG	0	16	100	0	0	0	NaN	NaN	16
2016_04_08_1_33_PM	41006.5233250282	30547	11	1000104	17	15000	2	15000	99				0	Fruit	FRT5.JPG	Lab	LAB3.JPG	0	17	100	0	0	0	NaN	NaN	17
2016_04_08_1_34_PM	41006.5240310523	30547	11	1061104	18	15000	2	15000	99				0	Fruit	FRT6.JPG	Lab	LAB5.JPG	0	18	100	0	0	0	NaN	NaN	18
2016_04_08_1_35_PM	41006.5247370649	30547	11	1122104	19	15000	2	15000	99				0	Nature	NAT2.JPG	Lab	LAB1.JPG	0	19	100	0	0	0	NaN	NaN	19
2016_04_08_1_36_PM	41006.5254430891	30547	11	1183104	20	15000	2	15000	99				0	Nature	NAT6.JPG	Lab	LAB6.JPG	0	20	100	0	0	0	NaN	NaN	20
2016_04_08_1_37_PM	41006.5261491017	30547	11	1244104	21	15000	2	15000	99				0	Nature	NAT5.JPG	Lab	LAB2.JPG	0	21	100	0	0	0	NaN	NaN	21
2016_04_08_1_38_PM	41006.5268551259	30547	11	1305104	22	15000	2	15000	99				0	Nature	NAT3.JPG	Lab	LAB3.JPG	0	22	100	0	0	0	NaN	NaN	22
2016_04_08_1_39_PM	41006.5275611385	30547	11	1366104	23	15000	2	15000	99				0	Nature	NAT1.JPG	Lab	LAB4.JPG	0	23	100	0	0	0	NaN	NaN	23
2016_04_08_1_40_PM	41006.5282671627	30547	11	1427104	24	15000	2	15000	99				0	Nature	NAT4.JPG	Lab	LAB5.JPG	0	24	100	0	0	0	NaN	NaN	24
2016_04_08_1_41_PM	41006.5290194742	30547	11	1492104	25	15000	2	15000	99				0	Fruit	FRT4.JPG	Nature	NAT6.JPG	0	25	100	0	0	0	NaN	NaN	25
2016_04_08_1_42_PM	41006.5297254868	30547	11	1553104	26	15000	2	15000	99				0	Fruit	FRT1.JPG	Nature	NAT1.JPG	0	26	100	0	0	0	NaN	NaN	26
2016_04_08_1_43_PM	41006.5304314994	30547	11	1614103	27	15000	2	15000	99				0	Fruit	FRT2.JPG	Nature	NAT5.JPG	0	27	100	0	0	0	NaN	NaN	27
2016_04_08_1_44_PM	41006.5311375120	30547	11	1675103	28	15000	2	15000	99				0	Fruit	FRT6.JPG	Nature	NAT2.JPG	0	28	100	0	0	0	NaN	NaN	28
2016_04_08_1_45_PM	41006.5318435362	30547	11	1736103	29	15000	2	15000	99				0	Fruit	FRT3.JPG	Nature	NAT4.JPG	0	29	100	0	0	0	NaN	NaN	29
2016_04_08_1_46_PM	41006.5325495604	30547	11	1797103	30	15000	2	15000	99				0	Fruit	FRT5.JPG	Nature	NAT3.JPG	0	30	100	0	0	0	NaN	NaN	30
2016_04_08_1_47_PM	41006.5332555730	30547	11	1858103	31	15000	2	15000	99				0	Lab	LAB6.JPG	Affiliative	AFF3.JPG	0	31	100	0	0	0	NaN	NaN	31
2016_04_08_1_48_PM	41006.5339615972	30547	11	1919103	32	15000	2	15000	99				0	Lab	LAB4.JPG	Affiliative	AFF5.JPG	0	32	100	0	0	0	NaN	NaN	32
2016_04_08_1_49_PM	41006.5346676214	30547	11	1980104	33	15000	2	15000	99				0	Lab	LAB5.JPG	Affiliative	AFF4.JPG	0	33	100	0	0	0	NaN	NaN	33
2016_04_08_1_50_PM	41006.5353736455	30547	11	2041104	34	15000	2	15000	99				0	Lab	LAB2.JPG	Affiliative	AFF2.JPG	0	34	100	0	0	0	NaN	NaN	34
2016_04_08_1_51_PM	41006.5360796697	30547	11	2102105	35	15000	2	15000	99				0	Lab	LAB3.JPG	Affiliative	AFF1.JPG	0	35	100	0	0	0	NaN	NaN	35
2016_04_08_1_52_PM	41006.5367856823	30547	11	2163104	36	15000	2	15000	99				0	Lab	LAB1.JPG	Affiliative	AFF6.JPG	0	36	100	0	0	0	NaN	NaN	36
Date	Time	Monkey	Panel	Sess Time	Trial	Trial Time	code (0 grid touch, 1 large pix touch, 2 failed trial)	Latency to grid touch	Grid Choice	Category	Picture	Switch?	Switch count	Left categ	Left picture	Right categ	Right picture	Correct Trials	Failed Trials	% Failed	% success	Correct Trials Left	Correct Trials Right	% left choice	% right choice	record number
2016_04_08_1_30_PM	41006.5211586448	29987	10	19719	1	15000	2	15000	99				0	Fruit	FRT5.JPG	Nature	NAT4.JPG	0	1	100	0	0	0	NaN	NaN	1
2016_04_08_1_31_PM	41006.5218646574	29987	10	80718	2	15000	2	15000	99				0	Fruit	FRT1.JPG	Nature	NAT3.JPG	0	2	100	0	0	0	NaN	NaN	2
2016_04_08_1_32_PM	41006.5225706700	29987	10	141718	3	15000	2	15000	99				0	Fruit	FRT3.JPG	Nature	NAT5.JPG	0	3	100	0	0	0	NaN	NaN	3
2016_04_08_1_33_PM	41006.5232766942	29987	10	202718	4	15000	2	15000	99				0	Fruit	FRT2.JPG	Nature	NAT2.JPG	0	4	100	0	0	0	NaN	NaN	4
2016_04_08_1_34_PM	41006.5239827068	29987	10	263718	5	15000	2	15000	99				0	Fruit	FRT4.JPG	Nature	NAT1.JPG	0	5	100	0	0	0	NaN	NaN	5
2016_04_08_1_35_PM	41006.5246887310	29987	10	324718	6	15000	2	15000	99				0	Fruit	FRT6.JPG	Nature	NAT6.JPG	0	6	100	0	0	0	NaN	NaN	6
2016_04_08_1_36_PM	41006.5253947551	29987	10	385719	7	15000	2	15000	99				0	Lab	LAB3.JPG	Nature	NAT5.JPG	0	7	100	0	0	0	NaN	NaN	7
2016_04_08_1_37_PM	41006.5261007678	29987	10	446718	8	15000	2	15000	99				0	Lab	LAB1.JPG	Nature	NAT1.JPG	0	8	100	0	0	0	NaN	NaN	8
2016_04_08_1_38_PM	41006.5268067919	29987	10	507719	9	15000	2	15000	99				0	Lab	LAB6.JPG	Nature	NAT3.JPG	0	9	100	0	0	0	NaN	NaN	9
2016_04_08_1_39_PM	41006.5275128161	29987	10	568719	10	15000	2	15000	99				0	Lab	LAB4.JPG	Nature	NAT6.JPG	0	10	100	0	0	0	NaN	NaN	10
2016_04_08_1_40_PM	41006.5282188287	29987	10	629719	11	15000	2	15000	99				0	Lab	LAB2.JPG	Nature	NAT2.JPG	0	11	100	0	0	0	NaN	NaN	11
2016_04_08_1_41_PM	41006.5289248529	29987	10	690719	12	15000	2	15000	99				0	Lab	LAB5.JPG	Nature	NAT4.JPG	0	12	100	0	0	0	NaN	NaN	12
2016_04_08_1_42_PM	41006.5296771529	29987	10	755718	13	15000	2	15000	99				0	Fruit	FRT5.JPG	Lab	LAB1.JPG	0	13	100	0	0	0	NaN	NaN	13
2016_04_08_1_43_PM	41006.5303831886	29987	10	816719	14	15000	2	15000	99				0	Fruit	FRT1.JPG	Lab	LAB3.JPG	0	14	100	0	0	0	NaN	NaN	14
2016_04_08_1_44_PM	41006.5310892012	29987	10	877719	15	15000	2	15000	99				0	Fruit	FRT2.JPG	Lab	LAB4.JPG	0	15	100	0	0	0	NaN	NaN	15
2016_04_08_1_45_PM	41006.5317952254	29987	10	938719	16	15000	2	15000	99				0	Fruit	FRT3.JPG	Lab	LAB5.JPG	0	16	100	0	0	0	NaN	NaN	16
2016_04_08_1_46_PM	41006.5325012380	29987	10	999719	17	15000	2	15000	99				0	Fruit	FRT4.JPG	Lab	LAB6.JPG	0	17	100	0	0	0	NaN	NaN	17
2016_04_08_1_47_PM	41006.5332072622	29987	10	1060719	18	15000	2	15000	99				0	Fruit	FRT6.JPG	Lab	LAB2.JPG	0	18	100	0	0	0	NaN	NaN	18
2016_04_08_1_48_PM	41006.5339132748	29987	10	1121719	19	15000	2	15000	99				0	Fruit	FRT5.JPG	Affiliative	AFF4.JPG	0	19	100	0	0	0	NaN	NaN	19
2016_04_08_1_49_PM	41006.5346192990	29987	10	1182719	20	15000	2	15000	99				0	Fruit	FRT3.JPG	Affiliative	AFF6.JPG	0	20	100	0	0	0	NaN	NaN	20
2016_04_08_1_50_PM	41006.5353253000	29987	10	1243718	21	15000	2	15000	99				0	Fruit	FRT6.JPG	Affiliative	AFF2.JPG	0	21	100	0	0	0	NaN	NaN	21
2016_04_08_1_51_PM	41006.5360313242	29987	10	1304718	22	15000	2	15000	99				0	Fruit	FRT4.JPG	Affiliative	AFF1.JPG	0	22	100	0	0	0	NaN	NaN	22
2016_04_08_1_52_PM	41006.5367373368	29987	10	1365718	23	15000	2	15000	99				0	Fruit	FRT2.JPG	Affiliative	AFF3.JPG	0	23	100	0	0	0	NaN	NaN	23
2016_04_08_1_53_PM	41006.5374433725	29987	10	1426719	24	15000	2	15000	99				0	Fruit	FRT1.JPG	Affiliative	AFF5.JPG	0	24	100	0	0	0	NaN	NaN	24
2016_04_08_1_55_PM	41006.5381956725	29987	10	1491718	25	15000	2	15000	99				0	Affiliative	AFF6.JPG	Lab	LAB4.JPG	0	25	100	0	0	0	NaN	NaN	25
2016_04_08_1_56_PM	41006.5389016967	29987	10	1552719	26	15000	2	15000	99				0	Affiliative	AFF4.JPG	Lab	LAB5.JPG	0	26	100	0	0	0	NaN	NaN	26
2016_04_08_1_57_PM	41006.5396077209	29987	10	1613719	27	15000	2	15000	99				0	Affiliative	AFF1.JPG	Lab	LAB2.JPG	0	27	100	0	0	0	NaN	NaN	27
2016_04_08_1_58_PM	41006.5403137450	29987	10	1674719	28	15000	2	15000	99				0	Affiliative	AFF2.JPG	Lab	LAB1.JPG	0	28	100	0	0	0	NaN	NaN	28
2016_04_08_1_59_PM	41006.5410197692	29987	10	1735720	29	15000	2	15000	99				0	Affiliative	AFF3.JPG	Lab	LAB3.JPG	0	29	100	0	0	0	NaN	NaN	29
2016_04_08_2_00_PM	41006.5417257818	29987	10	1796719	30	15000	2	15000	99				0	Affiliative	AFF5.JPG	Lab	LAB6.JPG	0	30	100	0	0	0	NaN	NaN	30
2016_04_08_2_01_PM	41006.5423582023	29987	10	1851339	31	8620	0	8620	1	Affiliative	AFF4.JPG		0	Nature	NAT4.JPG	Affiliative	AFF4.JPG	1	30	97	3	0	1	0	100	31
2016_04_08_2_02_PM	41006.5431378186	29987	10	1918719	32	15000	2	15000	99				0	Nature	NAT1.JPG	Affiliative	AFF2.JPG	1	31	97	3	0	1	0	100	32
2016_04_08_2_03_PM	41006.5438291313	29987	10	1978425	33	13706	0	13706	1	Affiliative	AFF5.JPG		0	Nature	NAT2.JPG	Affiliative	AFF5.JPG	2	31	94	6	0	2	0	100	33
2016_04_08_2_03_PM	41006.5439434434	29987	10	1988323	33	23604	1	23604	99				0					2	31	94	6	0	2	0	100	34
2016_04_08_2_03_PM	41006.5439665813	29987	10	1990324	33	25605	1	25605	99				0					2	31	94	6	0	2	0	100	35
2016_04_08_2_03_PM	41006.5441349474	29987	10	2004871	33	40152	1	40152	99				0					2	31	94	6	0	2	0	100	36
2016_04_08_2_04_PM	41006.5445498554	29987	10	2040719	34	15000	2	15000	99				0	Nature	NAT5.JPG	Affiliative	AFF1.JPG	2	32	94	6	0	2	0	100	37
2016_04_08_2_05_PM	41006.5452558680	29987	10	2101719	35	15000	2	15000	99				0	Nature	NAT6.JPG	Affiliative	AFF3.JPG	2	33	94	6	0	2	0	100	38
2016_04_08_2_06_PM	41006.5459618922	29987	10	2162719	36	15000	2	15000	99				0	Nature	NAT3.JPG	Affiliative	AFF6.JPG	2	34	94	6	0	2	0	100	39
Date	Time	Monkey	Panel	Sess Time	Trial	Trial Time	code (0 grid touch, 1 large pix touch, 2 failed trial)	Latency to grid touch	Grid Choice	Category	Picture	Switch?	Switch count	Left categ	Left picture	Right categ	Right picture	Correct Trials	Failed Trials	% Failed	% success	Correct Trials Left	Correct Trials Right	% left choice	% right choice	record number
2016_04_08_1_29_PM	41006.5206574870	30016	9	20070	1	15000	2	15000	99				0	Affiliative	AFF1.JPG	Fruit	FRT1.JPG	0	1	100	0	0	0	NaN	NaN	1
2016_04_08_1_30_PM	41006.5213634996	30016	9	81069	2	15000	2	15000	99				0	Affiliative	AFF5.JPG	Fruit	FRT5.JPG	0	2	100	0	0	0	NaN	NaN	2
2016_04_08_1_31_PM	41006.5220695122	30016	9	142069	3	15000	2	15000	99				0	Affiliative	AFF6.JPG	Fruit	FRT2.JPG	0	3	100	0	0	0	NaN	NaN	3
2016_04_08_1_32_PM	41006.5227755364	30016	9	203069	4	15000	2	15000	99				0	Affiliative	AFF2.JPG	Fruit	FRT6.JPG	0	4	100	0	0	0	NaN	NaN	4
2016_04_08_1_33_PM	41006.5234815490	30016	9	264069	5	15000	2	15000	99				0	Affiliative	AFF3.JPG	Fruit	FRT4.JPG	0	5	100	0	0	0	NaN	NaN	5
2016_04_08_1_34_PM	41006.5241875732	30016	9	325069	6	15000	2	15000	99				0	Affiliative	AFF4.JPG	Fruit	FRT3.JPG	0	6	100	0	0	0	NaN	NaN	6
2016_04_08_1_35_PM	41006.5248935858	30016	9	386069	7	15000	2	15000	99				0	Affiliative	AFF4.JPG	Lab	LAB3.JPG	0	7	100	0	0	0	NaN	NaN	7
2016_04_08_1_36_PM	41006.5255996215	30016	9	447070	8	15000	2	15000	99				0	Affiliative	AFF2.JPG	Lab	LAB2.JPG	0	8	100	0	0	0	NaN	NaN	8
2016_04_08_1_37_PM	41006.5263056341	30016	9	508070	9	15000	2	15000	99				0	Affiliative	AFF1.JPG	Lab	LAB5.JPG	0	9	100	0	0	0	NaN	NaN	9
2016_04_08_1_38_PM	41006.5270116583	30016	9	569070	10	15000	2	15000	99				0	Affiliative	AFF6.JPG	Lab	LAB6.JPG	0	10	100	0	0	0	NaN	NaN	10
2016_04_08_1_39_PM	41006.5277176709	30016	9	630070	11	15000	2	15000	99				0	Affiliative	AFF3.JPG	Lab	LAB4.JPG	0	11	100	0	0	0	NaN	NaN	11
2016_04_08_1_40_PM	41006.5284236951	30016	9	691070	12	15000	2	15000	99				0	Affiliative	AFF5.JPG	Lab	LAB1.JPG	0	12	100	0	0	0	NaN	NaN	12
2016_04_08_1_42_PM	41006.5291759951	30016	9	756069	13	15000	2	15000	99				0	Nature	NAT2.JPG	Lab	LAB5.JPG	0	13	100	0	0	0	NaN	NaN	13
2016_04_08_1_43_PM	41006.5298820308	30016	9	817070	14	15000	2	15000	99				0	Nature	NAT4.JPG	Lab	LAB1.JPG	0	14	100	0	0	0	NaN	NaN	14
2016_04_08_1_44_PM	41006.5305880434	30016	9	878070	15	15000	2	15000	99				0	Nature	NAT5.JPG	Lab	LAB6.JPG	0	15	100	0	0	0	NaN	NaN	15
2016_04_08_1_45_PM	41006.5312940676	30016	9	939070	16	15000	2	15000	99				0	Nature	NAT1.JPG	Lab	LAB2.JPG	0	16	100	0	0	0	NaN	NaN	16
2016_04_08_1_46_PM	41006.5320000802	30016	9	1000070	17	15000	2	15000	99				0	Nature	NAT3.JPG	Lab	LAB4.JPG	0	17	100	0	0	0	NaN	NaN	17
2016_04_08_1_47_PM	41006.5327061044	30016	9	1061070	18	15000	2	15000	99				0	Nature	NAT6.JPG	Lab	LAB3.JPG	0	18	100	0	0	0	NaN	NaN	18
2016_04_08_1_48_PM	41006.5334121170	30016	9	1122070	19	15000	2	15000	99				0	Nature	NAT1.JPG	Fruit	FRT6.JPG	0	19	100	0	0	0	NaN	NaN	19
2016_04_08_1_49_PM	41006.5341181412	30016	9	1183070	20	15000	2	15000	99				0	Nature	NAT2.JPG	Fruit	FRT3.JPG	0	20	100	0	0	0	NaN	NaN	20
2016_04_08_1_50_PM	41006.5348241422	30016	9	1244069	21	15000	2	15000	99				0	Nature	NAT4.JPG	Fruit	FRT1.JPG	0	21	100	0	0	0	NaN	NaN	21
2016_04_08_1_51_PM	41006.5355301664	30016	9	1305069	22	15000	2	15000	99				0	Nature	NAT5.JPG	Fruit	FRT5.JPG	0	22	100	0	0	0	NaN	NaN	22
2016_04_08_1_52_PM	41006.5362361790	30016	9	1366069	23	15000	2	15000	99				0	Nature	NAT3.JPG	Fruit	FRT2.JPG	0	23	100	0	0	0	NaN	NaN	23
2016_04_08_1_53_PM	41006.5369422032	30016	9	1427069	24	15000	2	15000	99				0	Nature	NAT6.JPG	Fruit	FRT4.JPG	0	24	100	0	0	0	NaN	NaN	24
2016_04_08_1_54_PM	41006.5376945147	30016	9	1492069	25	15000	2	15000	99				0	Affiliative	AFF2.JPG	Nature	NAT4.JPG	0	25	100	0	0	0	NaN	NaN	25
2016_04_08_1_55_PM	41006.5384005273	30016	9	1553069	26	15000	2	15000	99				0	Affiliative	AFF1.JPG	Nature	NAT6.JPG	0	26	100	0	0	0	NaN	NaN	26
2016_04_08_1_56_PM	41006.5391065515	30016	9	1614069	27	15000	2	15000	99				0	Affiliative	AFF3.JPG	Nature	NAT2.JPG	0	27	100	0	0	0	NaN	NaN	27
2016_04_08_1_57_PM	41006.5398125641	30016	9	1675069	28	15000	2	15000	99				0	Affiliative	AFF6.JPG	Nature	NAT1.JPG	0	28	100	0	0	0	NaN	NaN	28
2016_04_08_1_58_PM	41006.5405185883	30016	9	1736069	29	15000	2	15000	99				0	Affiliative	AFF5.JPG	Nature	NAT5.JPG	0	29	100	0	0	0	NaN	NaN	29
2016_04_08_1_59_PM	41006.5412246125	30016	9	1797069	30	15000	2	15000	99				0	Affiliative	AFF4.JPG	Nature	NAT3.JPG	0	30	100	0	0	0	NaN	NaN	30
2016_04_08_2_00_PM	41006.5419306251	30016	9	1858069	31	15000	2	15000	99				0	Fruit	FRT3.JPG	Lab	LAB1.JPG	0	31	100	0	0	0	NaN	NaN	31
2016_04_08_2_01_PM	41006.5426366608	30016	9	1919070	32	15000	2	15000	99				0	Fruit	FRT1.JPG	Lab	LAB5.JPG	0	32	100	0	0	0	NaN	NaN	32
2016_04_08_2_02_PM	41006.5433426850	30016	9	1980071	33	15000	2	15000	99				0	Fruit	FRT4.JPG	Lab	LAB3.JPG	0	33	100	0	0	0	NaN	NaN	33
2016_04_08_2_03_PM	41006.5440487092	30016	9	2041071	34	15000	2	15000	99				0	Fruit	FRT2.JPG	Lab	LAB6.JPG	0	34	100	0	0	0	NaN	NaN	34
2016_04_08_2_04_PM	41006.5447547102	30016	9	2102070	35	15000	2	15000	99				0	Fruit	FRT6.JPG	Lab	LAB2.JPG	0	35	100	0	0	0	NaN	NaN	35
2016_04_08_2_05_PM	41006.5454607344	30016	9	2163070	36	15000	2	15000	99				0	Fruit	FRT5.JPG	Lab	LAB4.JPG	0	36	100	0	0	0	NaN	NaN	36
Date	Time	Monkey	Panel	Sess Time	Trial	Trial Time	code (0 grid touch, 1 large pix touch, 2 failed trial)	Latency to grid touch	Grid Choice	Category	Picture	Switch?	Switch count	Left categ	Left picture	Right categ	Right picture	Correct Trials	Failed Trials	% Failed	% success	Correct Trials Left	Correct Trials Right	% left choice	% right choice	record number
2016_04_08_1_17_PM	41006.5118575427	30492	8	19979	1	15000	2	15000	99				0	Nature	NAT1.JPG	Fruit	FRT5.JPG	0	1	100	0	0	0	NaN	NaN	1
2016_04_08_1_17_PM	41006.5124188595	30492	8	68457	2	2479	0	2479	0	Nature	NAT5.JPG		0	Nature	NAT5.JPG	Fruit	FRT6.JPG	1	1	50	50	1	0	100	0	2
2016_04_08_1_18_PM	41006.5125481956	30492	8	79650	2	13672	1	13672	99				0					1	1	50	50	1	0	100	0	3
2016_04_08_1_18_PM	41006.5125788224	30492	8	82296	2	16318	1	16318	99				0					1	1	50	50	1	0	100	0	4
2016_04_08_1_18_PM	41006.5131757084	30492	8	133849	3	6871	0	6871	1	Fruit	FRT1.JPG	1	1	Nature	NAT2.JPG	Fruit	FRT1.JPG	2	1	33	67	1	1	50	50	5
2016_04_08_1_19_PM	41006.5131928274	30492	8	135347	3	8369	1	8369	99				1					2	1	33	67	1	1	50	50	6
2016_04_08_1_20_PM	41006.5139007845	30492	8	196493	4	8515	0	8515	1	Fruit	FRT3.JPG		1	Nature	NAT4.JPG	Fruit	FRT3.JPG	3	1	25	75	1	2	33	67	7
2016_04_08_1_20_PM	41006.5140000842	30492	8	205093	4	17115	1	17115	99				1					3	1	25	75	1	2	33	67	8
2016_04_08_1_20_PM	41006.5140732481	30492	8	211415	4	23437	1	23437	99				1					3	1	25	75	1	2	33	67	9
2016_04_08_1_21_PM	41006.5146071328	30492	8	257523	5	8545	0	8545	1	Fruit	FRT2.JPG		1	Nature	NAT6.JPG	Fruit	FRT2.JPG	4	1	20	80	1	3	25	75	10
2016_04_08_1_21_PM	41006.5149553935	30492	8	287632	5	38654	1	38654	99				1					4	1	20	80	1	3	25	75	11
2016_04_08_1_22_PM	41006.5153876288	30492	8	324978	6	15000	2	15000	99				1	Nature	NAT3.JPG	Fruit	FRT4.JPG	4	2	33	67	1	3	25	75	12
2016_04_08_1_23_PM	41006.5160936414	30492	8	385978	7	15000	2	15000	99				1	Nature	NAT3.JPG	Affiliative	AFF3.JPG	4	3	43	57	1	3	25	75	13
2016_04_08_1_24_PM	41006.5167219181	30492	8	440238	8	8260	0	8260	1	Affiliative	AFF4.JPG		1	Nature	NAT5.JPG	Affiliative	AFF4.JPG	5	3	38	62	1	4	20	80	14
2016_04_08_1_24_PM	41006.5168244471	30492	8	449119	8	17141	1	17141	99				1					5	3	38	62	1	4	20	80	15
2016_04_08_1_24_PM	41006.5168517867	30492	8	451481	8	19503	1	19503	99				1					5	3	38	62	1	4	20	80	16
2016_04_08_1_24_PM	41006.5169871416	30492	8	463176	8	31198	1	31198	99				1					5	3	38	62	1	4	20	80	17
2016_04_08_1_24_PM	41006.5170132311	30492	8	465429	8	33451	1	33451	99				1					5	3	38	62	1	4	20	80	18
2016_04_08_1_24_PM	41006.5170224214	30492	8	466223	8	34245	1	34245	99				1					5	3	38	62	1	4	20	80	19
2016_04_08_1_24_PM	41006.5170683384	30492	8	470190	8	38212	1	38212	99				1					5	3	38	62	1	4	20	80	20
2016_04_08_1_25_PM	41006.5174051285	30492	8	499267	9	6289	0	6289	1	Affiliative	AFF1.JPG		1	Nature	NAT2.JPG	Affiliative	AFF1.JPG	6	3	33	67	1	5	17	83	21
2016_04_08_1_25_PM	41006.5174454896	30492	8	502775	9	9797	1	9797	99				1					6	3	33	67	1	5	17	83	22
2016_04_08_1_25_PM	41006.5174749010	30492	8	505318	9	12340	1	12340	99				1					6	3	33	67	1	5	17	83	23
2016_04_08_1_25_PM	41006.5174916381	30492	8	506764	9	13786	1	13786	99				1					6	3	33	67	1	5	17	83	24
2016_04_08_1_25_PM	41006.5175880788	30492	8	515096	9	22118	1	22118	99				1					6	3	33	67	1	5	17	83	25
2016_04_08_1_25_PM	41006.5177775225	30492	8	531465	9	38487	1	38487	99				1					6	3	33	67	1	5	17	83	26
2016_04_08_1_26_PM	41006.5180702707	30492	8	556739	10	2761	0	2761	1	Affiliative	AFF6.JPG		1	Nature	NAT4.JPG	Affiliative	AFF6.JPG	7	3	30	70	1	6	14	86	27
2016_04_08_1_26_PM	41006.5181219056	30492	8	561219	10	7241	1	7241	99				1					7	3	30	70	1	6	14	86	28
2016_04_08_1_26_PM	41006.5181690379	30492	8	565290	10	11312	1	11312	99				1					7	3	30	70	1	6	14	86	29
2016_04_08_1_26_PM	41006.5182605594	30492	8	573199	10	19221	1	19221	99				1					7	3	30	70	1	6	14	86	30
2016_04_08_1_26_PM	41006.5182695414	30492	8	573976	10	19998	1	19998	99				1					7	3	30	70	1	6	14	86	31
2016_04_08_1_27_PM	41006.5187697436	30492	8	617168	11	2190	0	2190	0	Nature	NAT1.JPG	1	2	Nature	NAT1.JPG	Affiliative	AFF5.JPG	8	3	27	73	2	6	25	75	32
2016_04_08_1_27_PM	41006.5188007407	30492	8	619870	11	4892	1	4892	99				2					8	3	27	73	2	6	25	75	33
2016_04_08_1_27_PM	41006.5188199316	30492	8	621528	11	6550	1	6550	99				2					8	3	27	73	2	6	25	75	34
2016_04_08_1_27_PM	41006.5188883846	30492	8	627443	11	12465	1	12465	99				2					8	3	27	73	2	6	25	75	35
2016_04_08_1_27_PM	41006.5189088603	30492	8	629213	11	14235	1	14235	99				2					8	3	27	73	2	6	25	75	36
2016_04_08_1_27_PM	41006.5192502803	30492	8	658709	11	43731	1	43731	99				2					8	3	27	73	2	6	25	75	37
2016_04_08_1_28_PM	41006.5196237392	30492	8	690978	12	15000	2	15000	99				2	Nature	NAT6.JPG	Affiliative	AFF2.JPG	8	4	33	67	2	6	25	75	38
2016_04_08_1_29_PM	41006.5202752579	30492	8	747224	13	6246	0	6246	1	Lab	LAB6.JPG	1	3	Fruit	FRT1.JPG	Lab	LAB6.JPG	9	4	31	69	2	7	22	78	39
2016_04_08_1_29_PM	41006.5203055027	30492	8	749882	13	8904	1	8904	99				3					9	4	31	69	2	7	22	78	40
2016_04_08_1_29_PM	41006.5203188831	30492	8	751038	13	10060	1	10060	99				3					9	4	31	69	2	7	22	78	41
2016_04_08_1_29_PM	41006.5203300296	30492	8	752001	13	11023	1	11023	99				3					9	4	31	69	2	7	22	78	42
2016_04_08_1_29_PM	41006.5203560843	30492	8	754251	13	13273	1	13273	99				3					9	4	31	69	2	7	22	78	43
2016_04_08_1_29_PM	41006.5205496371	30492	8	770976	13	29998	1	29998	99				3					9	4	31	69	2	7	22	78	44
2016_04_08_1_29_PM	41006.5206923883	30492	8	783308	13	42330	1	42330	99				3					9	4	31	69	2	7	22	78	45
2016_04_08_1_30_PM	41006.5209788051	30492	8	808034	14	6055	0	6055	0	Fruit	FRT3.JPG	1	4	Fruit	FRT3.JPG	Lab	LAB2.JPG	10	4	29	71	3	7	30	70	46
2016_04_08_1_30_PM	41006.5210289816	30492	8	812391	14	10412	1	10412	99				4					10	4	29	71	3	7	30	70	47
2016_04_08_1_30_PM	41006.5210573976	30492	8	814846	14	12867	1	12867	99				4					10	4	29	71	3	7	30	70	48
2016_04_08_1_30_PM	41006.5210731855	30492	8	816209	14	14230	1	14230	99				4					10	4	29	71	3	7	30	70	49
2016_04_08_1_30_PM	41006.5211593247	30492	8	823653	14	21674	1	21674	99				4					10	4	29	71	3	7	30	70	50
2016_04_08_1_30_PM	41006.5211777054	30492	8	825241	14	23262	1	23262	99				4					10	4	29	71	3	7	30	70	51
2016_04_08_1_30_PM	41006.5212167007	30492	8	828609	14	26630	1	26630	99				4					10	4	29	71	3	7	30	70	52
2016_04_08_1_30_PM	41006.5212666804	30492	8	832928	14	30949	1	30949	99				4					10	4	29	71	3	7	30	70	53
2016_04_08_1_30_PM	41006.5212848411	30492	8	834497	14	32518	1	32518	99				4					10	4	29	71	3	7	30	70	54
2016_04_08_1_30_PM	41006.5212930592	30492	8	835206	14	33227	1	33227	99				4					10	4	29	71	3	7	30	70	55
2016_04_08_1_30_PM	41006.5213104445	30492	8	836709	14	34730	1	34730	99				4					10	4	29	71	3	7	30	70	56
2016_04_08_1_30_PM	41006.5213598802	30492	8	840980	14	39001	1	39001	99				4					10	4	29	71	3	7	30	70	57
2016_04_08_1_31_PM	41006.5217880875	30492	8	877978	15	15000	2	15000	99				4	Fruit	FRT6.JPG	Lab	LAB1.JPG	10	5	33	67	3	7	30	70	58
2016_04_08_1_32_PM	41006.5224814374	30492	8	937862	16	13884	0	13884	0	Fruit	FRT5.JPG		4	Fruit	FRT5.JPG	Lab	LAB4.JPG	11	5	31	69	4	7	36	64	59
2016_04_08_1_32_PM	41006.5225247963	30492	8	941629	16	17651	1	17651	99				4					11	5	31	69	4	7	36	64	60
2016_04_08_1_32_PM	41006.5227318915	30492	8	959522	16	35544	1	35544	99				4					11	5	31	69	4	7	36	64	61
2016_04_08_1_32_PM	41006.5228025553	30492	8	965627	16	41649	1	41649	99				4					11	5	31	69	4	7	36	64	62
2016_04_08_1_32_PM	41006.5228196975	30492	8	967108	16	43130	1	43130	99				4					11	5	31	69	4	7	36	64	63
2016_04_08_1_33_PM	41006.5230513079	30492	8	987101	17	2123	0	2123	0	Fruit	FRT2.JPG		4	Fruit	FRT2.JPG	Lab	LAB3.JPG	12	5	29	71	5	7	42	58	64
2016_04_08_1_33_PM	41006.5230740407	30492	8	989083	17	4105	1	4105	99				4					12	5	29	71	5	7	42	58	65
2016_04_08_1_33_PM	41006.5230868076	30492	8	990186	17	5208	1	5208	99				4					12	5	29	71	5	7	42	58	66
2016_04_08_1_33_PM	41006.5231900774	30492	8	999109	17	14131	1	14131	99				4					12	5	29	71	5	7	42	58	67
2016_04_08_1_33_PM	41006.5232239335	30492	8	1002035	17	17057	1	17057	99				4					12	5	29	71	5	7	42	58	68
2016_04_08_1_33_PM	41006.5233262658	30492	8	1010876	17	25898	1	25898	99				4					12	5	29	71	5	7	42	58	69
2016_04_08_1_34_PM	41006.5239061485	30492	8	1060978	18	15000	2	15000	99				4	Fruit	FRT4.JPG	Lab	LAB5.JPG	12	6	33	67	5	7	42	58	70
2016_04_08_1_35_PM	41006.5244733337	30492	8	1109962	19	2984	0	2984	0	Affiliative	AFF6.JPG		4	Affiliative	AFF6.JPG	Fruit	FRT4.JPG	13	6	32	68	6	7	46	54	71
2016_04_08_1_35_PM	41006.5245041457	30492	8	1112645	19	5667	1	5667	99				4					13	6	32	68	6	7	46	54	72
2016_04_08_1_35_PM	41006.5245208364	30492	8	1114087	19	7109	1	7109	99				4					13	6	32	68	6	7	46	54	73
2016_04_08_1_35_PM	41006.5245502594	30492	8	1116628	19	9650	1	9650	99				4					13	6	32	68	6	7	46	54	74
2016_04_08_1_35_PM	41006.5246650692	30492	8	1126547	19	19569	1	19569	99				4					13	6	32	68	6	7	46	54	75
2016_04_08_1_35_PM	41006.5247316934	30492	8	1132305	19	25327	1	25327	99				4					13	6	32	68	6	7	46	54	76
2016_04_08_1_35_PM	41006.5247400619	30492	8	1133029	19	26051	1	26051	99				4					13	6	32	68	6	7	46	54	77
2016_04_08_1_35_PM	41006.5247959563	30492	8	1137857	19	30879	1	30879	99				4					13	6	32	68	6	7	46	54	78
2016_04_08_1_36_PM	41006.5253181853	30492	8	1182978	20	15000	2	15000	99				4	Affiliative	AFF3.JPG	Fruit	FRT5.JPG	13	7	35	65	6	7	46	54	79
2016_04_08_1_37_PM	41006.5258864585	30492	8	1232053	21	3074	0	3074	0	Affiliative	AFF1.JPG		4	Affiliative	AFF1.JPG	Fruit	FRT1.JPG	14	7	33	67	7	7	50	50	80
2016_04_08_1_37_PM	41006.5259380124	30492	8	1236530	21	7551	1	7551	99				4					14	7	33	67	7	7	50	50	81
2016_04_08_1_37_PM	41006.5259576663	30492	8	1238229	21	9250	1	9250	99				4					14	7	33	67	7	7	50	50	82
2016_04_08_1_37_PM	41006.5260119518	30492	8	1242919	21	13940	1	13940	99				4					14	7	33	67	7	7	50	50	83
2016_04_08_1_37_PM	41006.5261033459	30492	8	1250814	21	21835	1	21835	99				4					14	7	33	67	7	7	50	50	84
2016_04_08_1_38_PM	41006.5267302336	30492	8	1304979	22	15000	2	15000	99				4	Affiliative	AFF2.JPG	Fruit	FRT3.JPG	14	8	36	64	7	7	50	50	85
2016_04_08_1_39_PM	41006.5274362462	30492	8	1365979	23	15000	2	15000	99				4	Affiliative	AFF5.JPG	Fruit	FRT6.JPG	14	9	39	61	7	7	50	50	86
2016_04_08_1_40_PM	41006.5280764102	30492	8	1421263	24	9284	0	9284	0	Affiliative	AFF4.JPG		4	Affiliative	AFF4.JPG	Fruit	FRT2.JPG	15	9	38	62	8	7	53	47	87
2016_04_08_1_40_PM	41006.5281458933	30492	8	1427292	24	15313	1	15313	99				4					15	9	38	62	8	7	53	47	88
2016_04_08_1_41_PM	41006.5288945820	30492	8	1491979	25	15000	2	15000	99				4	Lab	LAB3.JPG	Nature	NAT4.JPG	15	10	40	60	8	7	53	47	89
2016_04_08_1_42_PM	41006.5294944890	30492	8	1543765	26	5787	0	5787	0	Lab	LAB2.JPG		4	Lab	LAB2.JPG	Nature	NAT2.JPG	16	10	38	62	9	7	56	44	90
2016_04_08_1_42_PM	41006.5295198261	30492	8	1545999	26	8021	1	8021	99				4					16	10	38	62	9	7	56	44	91
2016_04_08_1_42_PM	41006.5296222393	30492	8	1554849	26	16871	1	16871	99				4					16	10	38	62	9	7	56	44	92
2016_04_08_1_42_PM	41006.5296391500	30492	8	1556309	26	18331	1	18331	99				4					16	10	38	62	9	7	56	44	93
2016_04_08_1_43_PM	41006.5303066072	30492	8	1613978	27	15000	2	15000	99				4	Lab	LAB6.JPG	Nature	NAT5.JPG	16	11	41	59	9	7	56	44	94
2016_04_08_1_44_PM	41006.5308861310	30492	8	1664004	28	4026	0	4026	0	Lab	LAB1.JPG		4	Lab	LAB1.JPG	Nature	NAT1.JPG	17	11	39	61	10	7	59	41	95
2016_04_08_1_44_PM	41006.5309272908	30492	8	1667604	28	7626	1	7626	99				4					17	11	39	61	10	7	59	41	96
2016_04_08_1_44_PM	41006.5309675014	30492	8	1671077	28	11099	1	11099	99				4					17	11	39	61	10	7	59	41	97
2016_04_08_1_44_PM	41006.5310070986	30492	8	1674499	28	14521	1	14521	99				4					17	11	39	61	10	7	59	41	98
2016_04_08_1_44_PM	41006.5310835960	30492	8	1681109	28	21131	1	21131	99				4					17	11	39	61	10	7	59	41	99
2016_04_08_1_44_PM	41006.5310890825	30492	8	1681583	28	21605	1	21605	99				4					17	11	39	61	10	7	59	41	100
2016_04_08_1_44_PM	41006.5311018841	30492	8	1682689	28	22711	1	22711	99				4					17	11	39	61	10	7	59	41	101
2016_04_08_1_44_PM	41006.5311985447	30492	8	1691040	28	31062	1	31062	99				4					17	11	39	61	10	7	59	41	102
2016_04_08_1_45_PM	41006.5316114040	30492	8	1726665	29	5687	0	5687	0	Lab	LAB5.JPG		4	Lab	LAB5.JPG	Nature	NAT3.JPG	18	11	38	62	11	7	61	39	103
2016_04_08_1_45_PM	41006.5316670901	30492	8	1731523	29	10545	1	10545	99				4					18	11	38	62	11	7	61	39	104
2016_04_08_1_45_PM	41006.5317152641	30492	8	1735685	29	14707	1	14707	99				4					18	11	38	62	11	7	61	39	105
2016_04_08_1_45_PM	41006.5317294316	30492	8	1736910	29	15932	1	15932	99				4					18	11	38	62	11	7	61	39	106
2016_04_08_1_45_PM	41006.5317642600	30492	8	1739919	29	18941	1	18941	99				4					18	11	38	62	11	7	61	39	107
2016_04_08_1_46_PM	41006.5319554978	30492	8	1756441	29	35463	1	35463	99				4					18	11	38	62	11	7	61	39	108
2016_04_08_1_46_PM	41006.5324246681	30492	8	1796978	30	15000	2	15000	99				4	Lab	LAB4.JPG	Nature	NAT6.JPG	18	12	40	60	11	7	61	39	109
2016_04_08_1_47_PM	41006.5331306807	30492	8	1857978	31	15000	2	15000	99				4	Lab	LAB1.JPG	Affiliative	AFF3.JPG	18	13	42	58	11	7	61	39	110
2016_04_08_1_48_PM	41006.5338367049	30492	8	1918978	32	15000	2	15000	99				4	Lab	LAB6.JPG	Affiliative	AFF5.JPG	18	14	44	56	11	7	61	39	111
2016_04_08_1_49_PM	41006.5344260905	30492	8	1969877	33	4899	0	4899	1	Affiliative	AFF2.JPG	1	5	Lab	LAB3.JPG	Affiliative	AFF2.JPG	19	14	42	58	11	8	58	42	112
2016_04_08_1_50_PM	41006.5347299273	30492	8	1996151	33	31173	1	31173	99				5					19	14	42	58	11	8	58	42	113
2016_04_08_1_50_PM	41006.5352487417	30492	8	2040978	34	15000	2	15000	99				5	Lab	LAB4.JPG	Affiliative	AFF4.JPG	19	15	44	56	11	8	58	42	114
2016_04_08_1_51_PM	41006.5357816888	30492	8	2086978	35	0	0	0	1	Affiliative	AFF1.JPG		5	Lab	LAB5.JPG	Affiliative	AFF1.JPG	20	15	43	57	11	9	55	45	115
2016_04_08_1_51_PM	41006.5358613809	30492	8	2093909	35	6931	1	6931	99				5					20	15	43	57	11	9	55	45	116
2016_04_08_1_51_PM	41006.5359481683	30492	8	2101409	35	14431	1	14431	99				5					20	15	43	57	11	9	55	45	117
2016_04_08_1_51_PM	41006.5359669425	30492	8	2103030	35	16052	1	16052	99				5					20	15	43	57	11	9	55	45	118
2016_04_08_1_51_PM	41006.5360142369	30492	8	2107117	35	20139	1	20139	99				5					20	15	43	57	11	9	55	45	119
2016_04_08_1_51_PM	41006.5360580357	30492	8	2110900	35	23922	1	23922	99				5					20	15	43	57	11	9	55	45	120
2016_04_08_1_52_PM	41006.5366355224	30492	8	2160751	36	12773	0	12773	0	Lab	LAB2.JPG	1	6	Lab	LAB2.JPG	Affiliative	AFF6.JPG	21	15	42	58	12	9	57	43	121
Date	Time	Monkey	Panel	Sess Time	Trial	Trial Time	code (0 grid touch, 1 large pix touch, 2 failed trial)	Latency to grid touch	Grid Choice	Category	Picture	Switch?	Switch count	Left categ	Left picture	Right categ	Right picture	Correct Trials	Failed Trials	% Failed	% success	Correct Trials Left	Correct Trials Right	% left choice	% right choice	record number
2016_04_08_1_22_PM	41006.5154917455	30423	7	20012	1	15000	2	15000	99				0	Lab	LAB4.JPG	Fruit	FRT4.JPG	0	1	100	0	0	0	NaN	NaN	1
2016_04_08_1_23_PM	41006.5161977581	30423	7	81011	2	15000	2	15000	99				0	Lab	LAB6.JPG	Fruit	FRT1.JPG	0	2	100	0	0	0	NaN	NaN	2
2016_04_08_1_24_PM	41006.5169037707	30423	7	142011	3	15000	2	15000	99				0	Lab	LAB5.JPG	Fruit	FRT3.JPG	0	3	100	0	0	0	NaN	NaN	3
2016_04_08_1_25_PM	41006.5176097948	30423	7	203011	4	15000	2	15000	99				0	Lab	LAB2.JPG	Fruit	FRT5.JPG	0	4	100	0	0	0	NaN	NaN	4
2016_04_08_1_26_PM	41006.5183158190	30423	7	264012	5	15000	2	15000	99				0	Lab	LAB3.JPG	Fruit	FRT2.JPG	0	5	100	0	0	0	NaN	NaN	5
2016_04_08_1_27_PM	41006.5190218316	30423	7	325011	6	15000	2	15000	99				0	Lab	LAB1.JPG	Fruit	FRT6.JPG	0	6	100	0	0	0	NaN	NaN	6
2016_04_08_1_28_PM	41006.5197278442	30423	7	386011	7	15000	2	15000	99				0	Nature	NAT3.JPG	Affiliative	AFF3.JPG	0	7	100	0	0	0	NaN	NaN	7
2016_04_08_1_29_PM	41006.5204338800	30423	7	447012	8	15000	2	15000	99				0	Nature	NAT1.JPG	Affiliative	AFF2.JPG	0	8	100	0	0	0	NaN	NaN	8
2016_04_08_1_30_PM	41006.5211398926	30423	7	508012	9	15000	2	15000	99				0	Nature	NAT2.JPG	Affiliative	AFF5.JPG	0	9	100	0	0	0	NaN	NaN	9
2016_04_08_1_31_PM	41006.5218459052	30423	7	569011	10	15000	2	15000	99				0	Nature	NAT4.JPG	Affiliative	AFF4.JPG	0	10	100	0	0	0	NaN	NaN	10
2016_04_08_1_32_PM	41006.5224973892	30423	7	625259	11	10248	0	10248	0	Nature	NAT6.JPG		0	Nature	NAT6.JPG	Affiliative	AFF1.JPG	1	10	91	9	1	0	100	0	11
2016_04_08_1_32_PM	41006.5226540301	30423	7	638833	11	23822	1	23822	99				0					1	10	91	9	1	0	100	0	12
2016_04_08_1_32_PM	41006.5227152142	30423	7	644119	11	29108	1	29108	99				0					1	10	91	9	1	0	100	0	13
2016_04_08_1_33_PM	41006.5232579420	30423	7	691011	12	15000	2	15000	99				0	Nature	NAT5.JPG	Affiliative	AFF6.JPG	1	11	92	8	1	0	100	0	14
2016_04_08_1_34_PM	41006.5240102535	30423	7	756011	13	15000	2	15000	99				0	Lab	LAB3.JPG	Affiliative	AFF6.JPG	1	12	92	8	1	0	100	0	15
2016_04_08_1_35_PM	41006.5247162893	30423	7	817012	14	15000	2	15000	99				0	Lab	LAB1.JPG	Affiliative	AFF5.JPG	1	13	93	7	1	0	100	0	16
2016_04_08_1_36_PM	41006.5254223019	30423	7	878012	15	15000	2	15000	99				0	Lab	LAB2.JPG	Affiliative	AFF1.JPG	1	14	93	7	1	0	100	0	17
2016_04_08_1_37_PM	41006.5261283261	30423	7	939012	16	15000	2	15000	99				0	Lab	LAB4.JPG	Affiliative	AFF2.JPG	1	15	94	6	1	0	100	0	18
2016_04_08_1_38_PM	41006.5268343387	30423	7	1000012	17	15000	2	15000	99				0	Lab	LAB6.JPG	Affiliative	AFF3.JPG	1	16	94	6	1	0	100	0	19
2016_04_08_1_39_PM	41006.5275403628	30423	7	1061012	18	15000	2	15000	99				0	Lab	LAB5.JPG	Affiliative	AFF4.JPG	1	17	94	6	1	0	100	0	20
2016_04_08_1_40_PM	41006.5282463754	30423	7	1122012	19	15000	2	15000	99				0	Fruit	FRT1.JPG	Affiliative	AFF1.JPG	1	18	95	5	1	0	100	0	21
2016_04_08_1_41_PM	41006.5289523996	30423	7	1183012	20	15000	2	15000	99				0	Fruit	FRT5.JPG	Affiliative	AFF2.JPG	1	19	95	5	1	0	100	0	22
2016_04_08_1_42_PM	41006.5296584007	30423	7	1244011	21	15000	2	15000	99				0	Fruit	FRT6.JPG	Affiliative	AFF6.JPG	1	20	95	5	1	0	100	0	23
2016_04_08_1_43_PM	41006.5303644248	30423	7	1305011	22	15000	2	15000	99				0	Fruit	FRT3.JPG	Affiliative	AFF4.JPG	1	21	95	5	1	0	100	0	24
2016_04_08_1_44_PM	41006.5310704374	30423	7	1366011	23	15000	2	15000	99				0	Fruit	FRT2.JPG	Affiliative	AFF3.JPG	1	22	96	4	1	0	100	0	25
2016_04_08_1_45_PM	41006.5317764616	30423	7	1427011	24	15000	2	15000	99				0	Fruit	FRT4.JPG	Affiliative	AFF5.JPG	1	23	96	4	1	0	100	0	26
2016_04_08_1_46_PM	41006.5325287732	30423	7	1492011	25	15000	2	15000	99				0	Nature	NAT1.JPG	Lab	LAB5.JPG	1	24	96	4	1	0	100	0	27
2016_04_08_1_47_PM	41006.5332347973	30423	7	1553012	26	15000	2	15000	99				0	Nature	NAT3.JPG	Lab	LAB1.JPG	1	25	96	4	1	0	100	0	28
2016_04_08_1_48_PM	41006.5339408215	30423	7	1614012	27	15000	2	15000	99				0	Nature	NAT4.JPG	Lab	LAB2.JPG	1	26	96	4	1	0	100	0	29
2016_04_08_1_49_PM	41006.5346468341	30423	7	1675012	28	15000	2	15000	99				0	Nature	NAT5.JPG	Lab	LAB4.JPG	1	27	96	4	1	0	100	0	30
2016_04_08_1_50_PM	41006.5353528699	30423	7	1736013	29	15000	2	15000	99				0	Nature	NAT2.JPG	Lab	LAB3.JPG	1	28	97	3	1	0	100	0	31
2016_04_08_1_51_PM	41006.5360588825	30423	7	1797012	30	15000	2	15000	99				0	Nature	NAT6.JPG	Lab	LAB6.JPG	1	29	97	3	1	0	100	0	32
2016_04_08_1_52_PM	41006.5367648951	30423	7	1858012	31	15000	2	15000	99				0	Nature	NAT4.JPG	Fruit	FRT4.JPG	1	30	97	3	1	0	100	0	33
2016_04_08_1_53_PM	41006.5374709077	30423	7	1919011	32	15000	2	15000	99				0	Nature	NAT3.JPG	Fruit	FRT5.JPG	1	31	97	3	1	0	100	0	34
2016_04_08_1_54_PM	41006.5381769203	30423	7	1980011	33	15000	2	15000	99				0	Nature	NAT1.JPG	Fruit	FRT6.JPG	1	32	97	3	1	0	100	0	35
2016_04_08_1_55_PM	41006.5388829445	30423	7	2041011	34	15000	2	15000	99				0	Nature	NAT5.JPG	Fruit	FRT1.JPG	1	33	97	3	1	0	100	0	36
2016_04_08_1_57_PM	41006.5395889571	30423	7	2102011	35	15000	2	15000	99				0	Nature	NAT6.JPG	Fruit	FRT3.JPG	1	34	97	3	1	0	100	0	37
2016_04_08_1_58_PM	41006.5402773529	30423	7	2161466	36	13455	0	13455	1	Fruit	FRT2.JPG	1	1	Nature	NAT2.JPG	Fruit	FRT2.JPG	2	34	94	6	1	1	50	50	38
2016_04_08_1_58_PM	41006.5403042179	30423	7	2163808	36	15797	1	15797	99				1					2	34	94	6	1	1	50	50	39
2016_04_08_1_58_PM	41006.5403120193	30423	7	2164483	36	16472	1	16472	99				1					2	34	94	6	1	1	50	50	40
2016_04_08_1_58_PM	41006.5403277146	30423	7	2165839	36	17828	1	17828	99				1					2	34	94	6	1	1	50	50	41
2016_04_08_1_58_PM	41006.5403412455	30423	7	2167006	36	18995	1	18995	99				1					2	34	94	6	1	1	50	50	42
2016_04_08_1_58_PM	41006.5403550773	30423	7	2168203	36	20192	1	20192	99				1					2	34	94	6	1	1	50	50	43
2016_04_08_1_58_PM	41006.5403601470	30423	7	2168641	36	20630	1	20630	99				1					2	34	94	6	1	1	50	50	44
2016_04_08_1_58_PM	41006.5403679715	30423	7	2169317	36	21306	1	21306	99				1					2	34	94	6	1	1	50	50	45
Date	Time	Monkey	Panel	Sess Time	Trial	Trial Time	code (0 grid touch, 1 large pix touch, 2 failed trial)	Latency to grid touch	Grid Choice	Category	Picture	Switch?	Switch count	Left categ	Left picture	Right categ	Right picture	Correct Trials	Failed Trials	% Failed	% success	Correct Trials Left	Correct Trials Right	% left choice	% right choice	record number
2016_04_08_1_17_PM	41006.5121087247	29928	5	20185	1	15000	2	15000	99				0	Lab	LAB2.JPG	Nature	NAT1.JPG	0	1	100	0	0	0	NaN	NaN	1
2016_04_08_1_18_PM	41006.5128147489	29928	5	81185	2	15000	2	15000	99				0	Lab	LAB6.JPG	Nature	NAT5.JPG	0	2	100	0	0	0	NaN	NaN	2
2016_04_08_1_19_PM	41006.5135207615	29928	5	142185	3	15000	2	15000	99				0	Lab	LAB5.JPG	Nature	NAT2.JPG	0	3	100	0	0	0	NaN	NaN	3
2016_04_08_1_20_PM	41006.5142267856	29928	5	203185	4	15000	2	15000	99				0	Lab	LAB1.JPG	Nature	NAT6.JPG	0	4	100	0	0	0	NaN	NaN	4
2016_04_08_1_21_PM	41006.5149327982	29928	5	264185	5	15000	2	15000	99				0	Lab	LAB3.JPG	Nature	NAT4.JPG	0	5	100	0	0	0	NaN	NaN	5
2016_04_08_1_22_PM	41006.5156388224	29928	5	325185	6	15000	2	15000	99				0	Lab	LAB4.JPG	Nature	NAT3.JPG	0	6	100	0	0	0	NaN	NaN	6
2016_04_08_1_23_PM	41006.5163448350	29928	5	386185	7	15000	2	15000	99				0	Affiliative	AFF6.JPG	Nature	NAT1.JPG	0	7	100	0	0	0	NaN	NaN	7
2016_04_08_1_24_PM	41006.5170508592	29928	5	447185	8	15000	2	15000	99				0	Affiliative	AFF3.JPG	Nature	NAT3.JPG	0	8	100	0	0	0	NaN	NaN	8
2016_04_08_1_25_PM	41006.5177568718	29928	5	508185	9	15000	2	15000	99				0	Affiliative	AFF5.JPG	Nature	NAT4.JPG	0	9	100	0	0	0	NaN	NaN	9
2016_04_08_1_26_PM	41006.5184616806	29928	5	569055	10	14870	0	14870	1	Nature	NAT6.JPG		0	Affiliative	AFF2.JPG	Nature	NAT6.JPG	1	9	90	10	0	1	0	100	10
2016_04_08_1_26_PM	41006.5186147334	29928	5	582304	10	28119	1	28119	99				0					1	9	90	10	0	1	0	100	11
2016_04_08_1_27_PM	41006.5191383513	29928	5	627517	11	12332	0	12332	1	Nature	NAT2.JPG		0	Affiliative	AFF4.JPG	Nature	NAT2.JPG	2	9	82	18	0	2	0	100	12
2016_04_08_1_27_PM	41006.5192347341	29928	5	635871	11	20686	1	20686	99				0					2	9	82	18	0	2	0	100	13
2016_04_08_1_28_PM	41006.5198749328	29928	5	691185	12	15000	2	15000	99				0	Affiliative	AFF1.JPG	Nature	NAT5.JPG	2	10	83	17	0	2	0	100	14
2016_04_08_1_29_PM	41006.5206272443	29928	5	756185	13	15000	2	15000	99				0	Lab	LAB3.JPG	Affiliative	AFF1.JPG	2	11	85	15	0	2	0	100	15
2016_04_08_1_30_PM	41006.5213332685	29928	5	817185	14	15000	2	15000	99				0	Lab	LAB5.JPG	Affiliative	AFF4.JPG	2	12	86	14	0	2	0	100	16
2016_04_08_1_31_PM	41006.5220392811	29928	5	878185	15	15000	2	15000	99				0	Lab	LAB2.JPG	Affiliative	AFF6.JPG	2	13	87	13	0	2	0	100	17
2016_04_08_1_32_PM	41006.5227453053	29928	5	939185	16	15000	2	15000	99				0	Lab	LAB6.JPG	Affiliative	AFF3.JPG	2	14	88	12	0	2	0	100	18
2016_04_08_1_33_PM	41006.5234513179	29928	5	1000185	17	15000	2	15000	99				0	Lab	LAB1.JPG	Affiliative	AFF5.JPG	2	15	88	12	0	2	0	100	19
2016_04_08_1_34_PM	41006.5241573421	29928	5	1061185	18	15000	2	15000	99				0	Lab	LAB4.JPG	Affiliative	AFF2.JPG	2	16	89	11	0	2	0	100	20
2016_04_08_1_35_PM	41006.5248633547	29928	5	1122185	19	15000	2	15000	99				0	Fruit	FRT4.JPG	Lab	LAB1.JPG	2	17	89	11	0	2	0	100	21
2016_04_08_1_36_PM	41006.5255693788	29928	5	1183185	20	15000	2	15000	99				0	Fruit	FRT6.JPG	Lab	LAB4.JPG	2	18	90	10	0	2	0	100	22
2016_04_08_1_37_PM	41006.5262753915	29928	5	1244185	21	15000	2	15000	99				0	Fruit	FRT2.JPG	Lab	LAB2.JPG	2	19	90	10	0	2	0	100	23
2016_04_08_1_38_PM	41006.5269814156	29928	5	1305185	22	15000	2	15000	99				0	Fruit	FRT1.JPG	Lab	LAB3.JPG	2	20	91	9	0	2	0	100	24
2016_04_08_1_39_PM	41006.5276874282	29928	5	1366185	23	15000	2	15000	99				0	Fruit	FRT3.JPG	Lab	LAB5.JPG	2	21	91	9	0	2	0	100	25
2016_04_08_1_40_PM	41006.5283934524	29928	5	1427185	24	15000	2	15000	99				0	Fruit	FRT5.JPG	Lab	LAB6.JPG	2	22	92	8	0	2	0	100	26
2016_04_08_1_41_PM	41006.5291457755	29928	5	1492186	25	15000	2	15000	99				0	Fruit	FRT6.JPG	Affiliative	AFF6.JPG	2	23	92	8	0	2	0	100	27
2016_04_08_1_42_PM	41006.5298517881	29928	5	1553186	26	15000	2	15000	99				0	Fruit	FRT4.JPG	Affiliative	AFF2.JPG	2	24	92	8	0	2	0	100	28
2016_04_08_1_44_PM	41006.5305578123	29928	5	1614186	27	15000	2	15000	99				0	Fruit	FRT1.JPG	Affiliative	AFF1.JPG	2	25	93	7	0	2	0	100	29
2016_04_08_1_45_PM	41006.5312638249	29928	5	1675186	28	15000	2	15000	99				0	Fruit	FRT5.JPG	Affiliative	AFF5.JPG	2	26	93	7	0	2	0	100	30
2016_04_08_1_46_PM	41006.5319698491	29928	5	1736186	29	15000	2	15000	99				0	Fruit	FRT3.JPG	Affiliative	AFF4.JPG	2	27	93	7	0	2	0	100	31
2016_04_08_1_47_PM	41006.5326758733	29928	5	1797186	30	15000	2	15000	99				0	Fruit	FRT2.JPG	Affiliative	AFF3.JPG	2	28	93	7	0	2	0	100	32
2016_04_08_1_48_PM	41006.5333818859	29928	5	1858186	31	15000	2	15000	99				0	Nature	NAT2.JPG	Fruit	FRT6.JPG	2	29	94	6	0	2	0	100	33
2016_04_08_1_49_PM	41006.5340879216	29928	5	1919187	32	15000	2	15000	99				0	Nature	NAT4.JPG	Fruit	FRT1.JPG	2	30	94	6	0	2	0	100	34
2016_04_08_1_50_PM	41006.5347939342	29928	5	1980187	33	15000	2	15000	99				0	Nature	NAT1.JPG	Fruit	FRT4.JPG	2	31	94	6	0	2	0	100	35
2016_04_08_1_51_PM	41006.5354999584	29928	5	2041187	34	15000	2	15000	99				0	Nature	NAT6.JPG	Fruit	FRT3.JPG	2	32	94	6	0	2	0	100	36
2016_04_08_1_52_PM	41006.5362059710	29928	5	2102187	35	15000	2	15000	99				0	Nature	NAT3.JPG	Fruit	FRT2.JPG	2	33	94	6	0	2	0	100	37
2016_04_08_1_53_PM	41006.5369119952	29928	5	2163187	36	15000	2	15000	99				0	Nature	NAT5.JPG	Fruit	FRT5.JPG	2	34	94	6	0	2	0	100	38
Date	Time	Monkey	Panel	Sess Time	Trial	Trial Time	code (0 grid touch, 1 large pix touch, 2 failed trial)	Latency to grid touch	Grid Choice	Category	Picture	Switch?	Switch count	Left categ	Left picture	Right categ	Right picture	Correct Trials	Failed Trials	% Failed	% success	Correct Trials Left	Correct Trials Right	% left choice	% right choice	record number
2016_04_08_1_16_PM	41006.5115958511	30007	4	19580	1	15000	2	15000	99				0	Affiliative	AFF1.JPG	Lab	LAB2.JPG	0	1	100	0	0	0	NaN	NaN	1
2016_04_08_1_17_PM	41006.5123018753	30007	4	80580	2	15000	2	15000	99				0	Affiliative	AFF2.JPG	Lab	LAB1.JPG	0	2	100	0	0	0	NaN	NaN	2
2016_04_08_1_18_PM	41006.5128745817	30007	4	130042	3	3462	0	3462	0	Affiliative	AFF4.JPG		0	Affiliative	AFF4.JPG	Lab	LAB5.JPG	1	2	67	33	1	0	100	0	3
2016_04_08_1_19_PM	41006.5135808026	30007	4	191038	4	3458	0	3458	1	Lab	LAB3.JPG	1	1	Affiliative	AFF5.JPG	Lab	LAB3.JPG	2	2	50	50	1	1	50	50	4
2016_04_08_1_19_PM	41006.5136088598	30007	4	193503	4	5923	1	5923	99				1					2	2	50	50	1	1	50	50	5
2016_04_08_1_20_PM	41006.5143521199	30007	4	257701	5	9121	0	9121	0	Affiliative	AFF3.JPG	1	2	Affiliative	AFF3.JPG	Lab	LAB4.JPG	3	2	40	60	2	1	67	33	6
2016_04_08_1_21_PM	41006.5146598806	30007	4	284311	5	35731	1	35731	99				2					3	2	40	60	2	1	67	33	7
2016_04_08_1_21_PM	41006.5146877988	30007	4	286724	5	38144	1	38144	99				2					3	2	40	60	2	1	67	33	8
2016_04_08_1_21_PM	41006.5150140559	30007	4	314896	6	5316	0	5316	0	Affiliative	AFF6.JPG		2	Affiliative	AFF6.JPG	Lab	LAB6.JPG	4	2	33	67	3	1	75	25	9
2016_04_08_1_22_PM	41006.5158006981	30007	4	382861	7	12281	0	12281	0	Fruit	FRT2.JPG		2	Fruit	FRT2.JPG	Lab	LAB2.JPG	5	2	29	71	4	1	80	20	10
2016_04_08_1_22_PM	41006.5158288595	30007	4	385311	7	14731	1	14731	99				2					5	2	29	71	4	1	80	20	11
2016_04_08_1_22_PM	41006.5159059356	30007	4	391971	7	21391	1	21391	99				2					5	2	29	71	4	1	80	20	12
2016_04_08_1_22_PM	41006.5159235408	30007	4	393492	7	22912	1	22912	99				2					5	2	29	71	4	1	80	20	13
2016_04_08_1_23_PM	41006.5164267640	30007	4	436954	8	5374	0	5374	0	Fruit	FRT5.JPG		2	Fruit	FRT5.JPG	Lab	LAB5.JPG	6	2	25	75	5	1	83	17	14
2016_04_08_1_23_PM	41006.5164505501	30007	4	439025	8	7445	1	7445	99				2					6	2	25	75	5	1	83	17	15
2016_04_08_1_24_PM	41006.5171311562	30007	4	497812	9	5232	0	5232	0	Fruit	FRT1.JPG		2	Fruit	FRT1.JPG	Lab	LAB4.JPG	7	2	22	78	6	1	86	14	16
2016_04_08_1_24_PM	41006.5171495137	30007	4	499415	9	6835	1	6835	99				2					7	2	22	78	6	1	86	14	17
2016_04_08_1_25_PM	41006.5179249631	30007	4	566398	10	12818	0	12818	0	Fruit	FRT6.JPG		2	Fruit	FRT6.JPG	Lab	LAB6.JPG	8	2	20	80	7	1	88	12	18
2016_04_08_1_25_PM	41006.5179481473	30007	4	568417	10	14837	1	14837	99				2					8	2	20	80	7	1	88	12	19
2016_04_08_1_26_PM	41006.5182311033	30007	4	592866	10	39286	1	39286	99				2					8	2	20	80	7	1	88	12	20
2016_04_08_1_26_PM	41006.5185757874	30007	4	622604	11	8024	0	8024	1	Lab	LAB1.JPG	1	3	Fruit	FRT3.JPG	Lab	LAB1.JPG	9	2	18	82	7	2	78	22	21
2016_04_08_1_26_PM	41006.5186025829	30007	4	624960	11	10380	1	10380	99				3					9	2	18	82	7	2	78	22	22
2016_04_08_1_26_PM	41006.5186289849	30007	4	627242	11	12662	1	12662	99				3					9	2	18	82	7	2	78	22	23
2016_04_08_1_26_PM	41006.5186530256	30007	4	629319	11	14739	1	14739	99				3					9	2	18	82	7	2	78	22	24
2016_04_08_1_27_PM	41006.5192372373	30007	4	679755	12	4175	0	4175	1	Lab	LAB3.JPG		3	Fruit	FRT4.JPG	Lab	LAB3.JPG	10	2	17	83	7	3	70	30	25
2016_04_08_1_28_PM	41006.5200352574	30007	4	748726	13	8146	0	8146	1	Nature	NAT4.JPG		3	Affiliative	AFF2.JPG	Nature	NAT4.JPG	11	2	15	85	7	4	64	36	26
2016_04_08_1_29_PM	41006.5206861743	30007	4	804964	14	3384	0	3384	1	Nature	NAT6.JPG		3	Affiliative	AFF1.JPG	Nature	NAT6.JPG	12	2	14	86	7	5	58	42	27
2016_04_08_1_31_PM	41006.5215265117	30007	4	877589	15	15009	2	15009	99				3	Affiliative	AFF5.JPG	Nature	NAT5.JPG	12	3	20	80	7	5	58	42	28
2016_04_08_1_31_PM	41006.5220828283	30007	4	925632	16	2052	0	2052	1	Nature	NAT2.JPG		3	Affiliative	AFF6.JPG	Nature	NAT2.JPG	13	3	19	81	7	6	54	46	29
2016_04_08_1_31_PM	41006.5221208976	30007	4	928942	16	5362	1	5362	99				3					13	3	19	81	7	6	54	46	30
2016_04_08_1_33_PM	41006.5229384443	30007	4	999580	17	15000	2	15000	99				3	Affiliative	AFF3.JPG	Nature	NAT3.JPG	13	4	24	76	7	6	54	46	31
2016_04_08_1_34_PM	41006.5236444685	30007	4	1060580	18	15000	2	15000	99				3	Affiliative	AFF4.JPG	Nature	NAT1.JPG	13	5	28	72	7	6	54	46	32
2016_04_08_1_34_PM	41006.5242209482	30007	4	1110366	19	3786	0	3786	1	Affiliative	AFF2.JPG		3	Fruit	FRT5.JPG	Affiliative	AFF2.JPG	14	5	26	74	7	7	50	50	33
2016_04_08_1_35_PM	41006.5249939901	30007	4	1177160	20	9580	0	9580	0	Fruit	FRT1.JPG	1	4	Fruit	FRT1.JPG	Affiliative	AFF3.JPG	15	5	25	75	8	7	53	47	34
2016_04_08_1_36_PM	41006.5256627553	30007	4	1234942	21	6362	0	6362	0	Fruit	FRT2.JPG		4	Fruit	FRT2.JPG	Affiliative	AFF1.JPG	16	5	24	76	9	7	56	44	35
2016_04_08_1_38_PM	41006.5263913965	30007	4	1297896	22	8316	0	8316	1	Affiliative	AFF6.JPG	1	5	Fruit	FRT4.JPG	Affiliative	AFF6.JPG	17	5	23	77	9	8	53	47	36
2016_04_08_1_39_PM	41006.5271745547	30007	4	1365580	23	15000	2	15000	99				5	Fruit	FRT3.JPG	Affiliative	AFF5.JPG	17	6	26	74	9	8	53	47	37
2016_04_08_1_40_PM	41006.5278749883	30007	4	1426078	24	14498	0	14498	0	Fruit	FRT6.JPG	1	6	Fruit	FRT6.JPG	Affiliative	AFF4.JPG	18	6	25	75	10	8	56	44	38
2016_04_08_1_40_PM	41006.5279056266	30007	4	1428744	24	17164	1	17164	99				6					18	6	25	75	10	8	56	44	39
2016_04_08_1_40_PM	41006.5282062341	30007	4	1454716	24	43136	1	43136	99				6					18	6	25	75	10	8	56	44	40
2016_04_08_1_41_PM	41006.5285130456	30007	4	1481201	25	4620	0	4620	0	Nature	NAT1.JPG		6	Nature	NAT1.JPG	Lab	LAB3.JPG	19	6	24	76	11	8	58	42	41
2016_04_08_1_41_PM	41006.5285587774	30007	4	1485177	25	8596	1	8596	99				6					19	6	24	76	11	8	58	42	42
2016_04_08_1_42_PM	41006.5292160372	30007	4	1541921	26	4340	0	4340	1	Lab	LAB6.JPG	1	7	Nature	NAT5.JPG	Lab	LAB6.JPG	20	6	23	77	11	9	55	45	43
2016_04_08_1_43_PM	41006.5299195612	30007	4	1602724	27	4143	0	4143	0	Nature	NAT2.JPG	1	8	Nature	NAT2.JPG	Lab	LAB4.JPG	21	6	22	78	12	9	57	43	44
2016_04_08_1_44_PM	41006.5307509629	30007	4	1674581	28	15000	2	15000	99				8	Nature	NAT6.JPG	Lab	LAB5.JPG	21	7	25	75	12	9	57	43	45
2016_04_08_1_45_PM	41006.5314569756	30007	4	1735581	29	15000	2	15000	99				8	Nature	NAT3.JPG	Lab	LAB1.JPG	21	8	28	72	12	9	57	43	46
2016_04_08_1_46_PM	41006.5321629997	30007	4	1796581	30	15000	2	15000	99				8	Nature	NAT4.JPG	Lab	LAB2.JPG	21	9	30	70	12	9	57	43	47
2016_04_08_1_47_PM	41006.5328690123	30007	4	1857581	31	15000	2	15000	99				8	Fruit	FRT5.JPG	Nature	NAT3.JPG	21	10	32	68	12	9	57	43	48
2016_04_08_1_48_PM	41006.5335750365	30007	4	1918581	32	15000	2	15000	99				8	Fruit	FRT3.JPG	Nature	NAT2.JPG	21	11	34	66	12	9	57	43	49
2016_04_08_1_49_PM	41006.5342810375	30007	4	1979580	33	15000	2	15000	99				8	Fruit	FRT6.JPG	Nature	NAT1.JPG	21	12	36	64	12	9	57	43	50
2016_04_08_1_50_PM	41006.5349870617	30007	4	2040580	34	15000	2	15000	99				8	Fruit	FRT4.JPG	Nature	NAT6.JPG	21	13	38	62	12	9	57	43	51
2016_04_08_1_51_PM	41006.5355442811	30007	4	2088705	35	2125	0	2125	0	Fruit	FRT2.JPG		8	Fruit	FRT2.JPG	Nature	NAT4.JPG	22	13	37	63	13	9	59	41	52
2016_04_08_1_52_PM	41006.5363990985	30007	4	2162580	36	15000	2	15000	99				8	Fruit	FRT1.JPG	Nature	NAT5.JPG	22	14	39	61	13	9	59	41	53
Date	Time	Monkey	Panel	Sess Time	Trial	Trial Time	code (0 grid touch, 1 large pix touch, 2 failed trial)	Latency to grid touch	Grid Choice	Category	Picture	Switch?	Switch count	Left categ	Left picture	Right categ	Right picture	Correct Trials	Failed Trials	% Failed	% success	Correct Trials Left	Correct Trials Right	% left choice	% right choice	record number
2016_04_08_1_15_PM	41006.5105928510	30578	3	20054	1	15000	2	15000	99				0	Fruit	FRT3.JPG	Nature	NAT1.JPG	0	1	100	0	0	0	NaN	NaN	1
2016_04_08_1_16_PM	41006.5112988752	30578	3	81054	2	15000	2	15000	99				0	Fruit	FRT6.JPG	Nature	NAT5.JPG	0	2	100	0	0	0	NaN	NaN	2
2016_04_08_1_17_PM	41006.5120048878	30578	3	142054	3	15000	2	15000	99				0	Fruit	FRT2.JPG	Nature	NAT2.JPG	0	3	100	0	0	0	NaN	NaN	3
2016_04_08_1_18_PM	41006.5127109120	30578	3	203054	4	15000	2	15000	99				0	Fruit	FRT1.JPG	Nature	NAT3.JPG	0	4	100	0	0	0	NaN	NaN	4
2016_04_08_1_19_PM	41006.5134169246	30578	3	264054	5	15000	2	15000	99				0	Fruit	FRT5.JPG	Nature	NAT6.JPG	0	5	100	0	0	0	NaN	NaN	5
2016_04_08_1_20_PM	41006.5141229488	30578	3	325054	6	15000	2	15000	99				0	Fruit	FRT4.JPG	Nature	NAT4.JPG	0	6	100	0	0	0	NaN	NaN	6
2016_04_08_1_21_PM	41006.5148289614	30578	3	386054	7	15000	2	15000	99				0	Fruit	FRT2.JPG	Affiliative	AFF5.JPG	0	7	100	0	0	0	NaN	NaN	7
2016_04_08_1_22_PM	41006.5155349856	30578	3	447054	8	15000	2	15000	99				0	Fruit	FRT3.JPG	Affiliative	AFF6.JPG	0	8	100	0	0	0	NaN	NaN	8
2016_04_08_1_23_PM	41006.5162409982	30578	3	508054	9	15000	2	15000	99				0	Fruit	FRT4.JPG	Affiliative	AFF4.JPG	0	9	100	0	0	0	NaN	NaN	9
2016_04_08_1_24_PM	41006.5169470224	30578	3	569054	10	15000	2	15000	99				0	Fruit	FRT6.JPG	Affiliative	AFF1.JPG	0	10	100	0	0	0	NaN	NaN	10
2016_04_08_1_25_PM	41006.5176530350	30578	3	630054	11	15000	2	15000	99				0	Fruit	FRT1.JPG	Affiliative	AFF3.JPG	0	11	100	0	0	0	NaN	NaN	11
2016_04_08_1_26_PM	41006.5182698411	30578	3	683325	12	7271	0	7271	1	Affiliative	AFF2.JPG		0	Fruit	FRT5.JPG	Affiliative	AFF2.JPG	1	11	92	8	0	1	0	100	12
2016_04_08_1_26_PM	41006.5184150114	30578	3	695888	12	19834	1	19834	99				0					1	11	92	8	0	1	0	100	13
2016_04_08_1_26_PM	41006.5184344107	30578	3	697565	12	21511	1	21511	99				0					1	11	92	8	0	1	0	100	14
2016_04_08_1_26_PM	41006.5184896337	30578	3	702335	12	26281	1	26281	99				0					1	11	92	8	0	1	0	100	15
2016_04_08_1_27_PM	41006.5191113707	30578	3	756054	13	15000	2	15000	99				0	Lab	LAB5.JPG	Affiliative	AFF1.JPG	1	12	92	8	0	1	0	100	16
2016_04_08_1_28_PM	41006.5197219033	30578	3	808785	14	6731	0	6731	1	Affiliative	AFF3.JPG		0	Lab	LAB2.JPG	Affiliative	AFF3.JPG	2	12	86	14	0	2	0	100	17
2016_04_08_1_28_PM	41006.5197946968	30578	3	815093	14	13039	1	13039	99				0					2	12	86	14	0	2	0	100	18
2016_04_08_1_28_PM	41006.5198400235	30578	3	819010	14	16956	1	16956	99				0					2	12	86	14	0	2	0	100	19
2016_04_08_1_28_PM	41006.5198989620	30578	3	824101	14	22047	1	22047	99				0					2	12	86	14	0	2	0	100	20
2016_04_08_1_28_PM	41006.5199771841	30578	3	830859	14	28805	1	28805	99				0					2	12	86	14	0	2	0	100	21
2016_04_08_1_28_PM	41006.5199955416	30578	3	832446	14	30392	1	30392	99				0					2	12	86	14	0	2	0	100	22
2016_04_08_1_29_PM	41006.5204837524	30578	3	874608	15	11554	0	11554	1	Affiliative	AFF2.JPG		0	Lab	LAB4.JPG	Affiliative	AFF2.JPG	3	12	80	20	0	3	0	100	23
2016_04_08_1_29_PM	41006.5205742090	30578	3	882442	15	19388	1	19388	99				0					3	12	80	20	0	3	0	100	24
2016_04_08_1_29_PM	41006.5206930468	30578	3	892710	15	29656	1	29656	99				0					3	12	80	20	0	3	0	100	25
2016_04_08_1_29_PM	41006.5207578190	30578	3	898307	15	35253	1	35253	99				0					3	12	80	20	0	3	0	100	26
2016_04_08_1_30_PM	41006.5212294316	30578	3	939054	16	15000	2	15000	99				0	Lab	LAB6.JPG	Affiliative	AFF6.JPG	3	13	81	19	0	3	0	100	27
2016_04_08_1_31_PM	41006.5218402768	30578	3	991810	17	6756	0	6756	1	Affiliative	AFF5.JPG		0	Lab	LAB1.JPG	Affiliative	AFF5.JPG	4	13	76	24	0	4	0	100	28
2016_04_08_1_31_PM	41006.5221433728	30578	3	1018018	17	32964	1	32964	99				0					4	13	76	24	0	4	0	100	29
2016_04_08_1_31_PM	41006.5221913617	30578	3	1022163	17	37109	1	37109	99				0					4	13	76	24	0	4	0	100	30
2016_04_08_1_32_PM	41006.5222396283	30578	3	1026334	17	41280	1	41280	99				0					4	13	76	24	0	4	0	100	31
2016_04_08_1_32_PM	41006.5222531592	30578	3	1027504	17	42450	1	42450	99				0					4	13	76	24	0	4	0	100	32
2016_04_08_1_32_PM	41006.5226414684	30578	3	1061054	18	15000	2	15000	99				0	Lab	LAB3.JPG	Affiliative	AFF4.JPG	4	14	78	22	0	4	0	100	33
2016_04_08_1_33_PM	41006.5233474810	30578	3	1122054	19	15000	2	15000	99				0	Nature	NAT5.JPG	Affiliative	AFF1.JPG	4	15	79	21	0	4	0	100	34
2016_04_08_1_34_PM	41006.5240535052	30578	3	1183054	20	15000	2	15000	99				0	Nature	NAT2.JPG	Affiliative	AFF3.JPG	4	16	80	20	0	4	0	100	35
2016_04_08_1_35_PM	41006.5247595294	30578	3	1244055	21	15000	2	15000	99				0	Nature	NAT6.JPG	Affiliative	AFF4.JPG	4	17	81	19	0	4	0	100	36
2016_04_08_1_36_PM	41006.5254561317	30578	3	1304204	22	14150	0	14150	0	Nature	NAT4.JPG	1	1	Nature	NAT4.JPG	Affiliative	AFF5.JPG	5	17	77	23	1	4	20	80	37
2016_04_08_1_37_PM	41006.5261715662	30578	3	1366055	23	15000	2	15000	99				1	Nature	NAT1.JPG	Affiliative	AFF2.JPG	5	18	78	22	1	4	20	80	38
2016_04_08_1_38_PM	41006.5268775904	30578	3	1427055	24	15000	2	15000	99				1	Nature	NAT3.JPG	Affiliative	AFF6.JPG	5	19	79	21	1	4	20	80	39
2016_04_08_1_39_PM	41006.5275257177	30578	3	1483012	25	5957	0	5957	0	Lab	LAB3.JPG		1	Lab	LAB3.JPG	Nature	NAT4.JPG	6	19	76	24	2	4	33	67	40
2016_04_08_1_40_PM	41006.5281887649	30578	3	1540299	26	2245	0	2245	0	Lab	LAB1.JPG		1	Lab	LAB1.JPG	Nature	NAT6.JPG	7	19	73	27	3	4	43	57	41
2016_04_08_1_40_PM	41006.5284562686	30578	3	1563453	26	25399	1	25399	99				1					7	19	73	27	3	4	43	57	42
2016_04_08_1_41_PM	41006.5290419271	30578	3	1614054	27	15000	2	15000	99				1	Lab	LAB2.JPG	Nature	NAT1.JPG	7	20	74	26	3	4	43	57	43
2016_04_08_1_42_PM	41006.5297479397	30578	3	1675054	28	15000	2	15000	99				1	Lab	LAB6.JPG	Nature	NAT2.JPG	7	21	75	25	3	4	43	57	44
2016_04_08_1_43_PM	41006.5304539639	30578	3	1736054	29	15000	2	15000	99				1	Lab	LAB4.JPG	Nature	NAT3.JPG	7	22	76	24	3	4	43	57	45
2016_04_08_1_44_PM	41006.5311599881	30578	3	1797054	30	15000	2	15000	99				1	Lab	LAB5.JPG	Nature	NAT5.JPG	7	23	77	23	3	4	43	57	46
2016_04_08_1_45_PM	41006.5318663826	30578	3	1858086	31	15032	2	15032	99				1	Fruit	FRT3.JPG	Lab	LAB3.JPG	7	24	77	23	3	4	43	57	47
2016_04_08_1_46_PM	41006.5325720249	30578	3	1919054	32	15000	2	15000	99				1	Fruit	FRT2.JPG	Lab	LAB2.JPG	7	25	78	22	3	4	43	57	48
2016_04_08_1_47_PM	41006.5332780490	30578	3	1980055	33	15000	2	15000	99				1	Fruit	FRT6.JPG	Lab	LAB5.JPG	7	26	79	21	3	4	43	57	49
2016_04_08_1_48_PM	41006.5339840616	30578	3	2041054	34	15000	2	15000	99				1	Fruit	FRT5.JPG	Lab	LAB4.JPG	7	27	79	21	3	4	43	57	50
2016_04_08_1_49_PM	41006.5346900742	30578	3	2102054	35	15000	2	15000	99				1	Fruit	FRT1.JPG	Lab	LAB6.JPG	7	28	80	20	3	4	43	57	51
2016_04_08_1_50_PM	41006.5353960984	30578	3	2163054	36	15000	2	15000	99				1	Fruit	FRT4.JPG	Lab	LAB1.JPG	7	29	81	19	3	4	43	57	52
Date	Time	Monkey	Panel	Sess Time	Trial	Trial Time	code (0 grid touch, 1 large pix touch, 2 failed trial)	Latency to grid touch	Grid Choice	Category	Picture	Switch?	Switch count	Left categ	Left picture	Right categ	Right picture	Correct Trials	Failed Trials	% Failed	% success	Correct Trials Left	Correct Trials Right	% left choice	% right choice	record number
2016_04_08_1_16_PM	41006.5114795103	30581	2	19645	1	15000	2	15000	99				0	Affiliative	AFF6.JPG	Fruit	FRT1.JPG	0	1	100	0	0	0	NaN	NaN	1
2016_04_08_1_17_PM	41006.5121855345	30581	2	80645	2	15000	2	15000	99				0	Affiliative	AFF4.JPG	Fruit	FRT2.JPG	0	2	100	0	0	0	NaN	NaN	2
2016_04_08_1_18_PM	41006.5128915471	30581	2	141645	3	15000	2	15000	99				0	Affiliative	AFF3.JPG	Fruit	FRT6.JPG	0	3	100	0	0	0	NaN	NaN	3
2016_04_08_1_19_PM	41006.5135975713	30581	2	202645	4	15000	2	15000	99				0	Affiliative	AFF2.JPG	Fruit	FRT5.JPG	0	4	100	0	0	0	NaN	NaN	4
2016_04_08_1_20_PM	41006.5143035839	30581	2	263645	5	15000	2	15000	99				0	Affiliative	AFF1.JPG	Fruit	FRT4.JPG	0	5	100	0	0	0	NaN	NaN	5
2016_04_08_1_21_PM	41006.5150096080	30581	2	324645	6	15000	2	15000	99				0	Affiliative	AFF5.JPG	Fruit	FRT3.JPG	0	6	100	0	0	0	NaN	NaN	6
2016_04_08_1_22_PM	41006.5157156206	30581	2	385645	7	15000	2	15000	99				0	Fruit	FRT6.JPG	Lab	LAB3.JPG	0	7	100	0	0	0	NaN	NaN	7
2016_04_08_1_23_PM	41006.5164216448	30581	2	446645	8	15000	2	15000	99				0	Fruit	FRT3.JPG	Lab	LAB6.JPG	0	8	100	0	0	0	NaN	NaN	8
2016_04_08_1_24_PM	41006.5171276574	30581	2	507645	9	15000	2	15000	99				0	Fruit	FRT5.JPG	Lab	LAB2.JPG	0	9	100	0	0	0	NaN	NaN	9
2016_04_08_1_25_PM	41006.5178336816	30581	2	568645	10	15000	2	15000	99				0	Fruit	FRT2.JPG	Lab	LAB5.JPG	0	10	100	0	0	0	NaN	NaN	10
2016_04_08_1_26_PM	41006.5185396942	30581	2	629645	11	15000	2	15000	99				0	Fruit	FRT1.JPG	Lab	LAB1.JPG	0	11	100	0	0	0	NaN	NaN	11
2016_04_08_1_27_PM	41006.5192457184	30581	2	690645	12	15000	2	15000	99				0	Fruit	FRT4.JPG	Lab	LAB4.JPG	0	12	100	0	0	0	NaN	NaN	12
2016_04_08_1_28_PM	41006.5199980299	30581	2	755645	13	15000	2	15000	99				0	Affiliative	AFF5.JPG	Nature	NAT2.JPG	0	13	100	0	0	0	NaN	NaN	13
2016_04_08_1_29_PM	41006.5207040657	30581	2	816646	14	15000	2	15000	99				0	Affiliative	AFF6.JPG	Nature	NAT6.JPG	0	14	100	0	0	0	NaN	NaN	14
2016_04_08_1_30_PM	41006.5214100667	30581	2	877645	15	15000	2	15000	99				0	Affiliative	AFF2.JPG	Nature	NAT4.JPG	0	15	100	0	0	0	NaN	NaN	15
2016_04_08_1_31_PM	41006.5221160909	30581	2	938645	16	15000	2	15000	99				0	Affiliative	AFF1.JPG	Nature	NAT5.JPG	0	16	100	0	0	0	NaN	NaN	16
2016_04_08_1_32_PM	41006.5228221035	30581	2	999645	17	15000	2	15000	99				0	Affiliative	AFF3.JPG	Nature	NAT3.JPG	0	17	100	0	0	0	NaN	NaN	17
2016_04_08_1_33_PM	41006.5235281277	30581	2	1060645	18	15000	2	15000	99				0	Affiliative	AFF4.JPG	Nature	NAT1.JPG	0	18	100	0	0	0	NaN	NaN	18
2016_04_08_1_34_PM	41006.5242341403	30581	2	1121645	19	15000	2	15000	99				0	Nature	NAT2.JPG	Lab	LAB2.JPG	0	19	100	0	0	0	NaN	NaN	19
2016_04_08_1_35_PM	41006.5249401760	30581	2	1182646	20	15000	2	15000	99				0	Nature	NAT3.JPG	Lab	LAB4.JPG	0	20	100	0	0	0	NaN	NaN	20
2016_04_08_1_36_PM	41006.5256461886	30581	2	1243646	21	15000	2	15000	99				0	Nature	NAT5.JPG	Lab	LAB1.JPG	0	21	100	0	0	0	NaN	NaN	21
2016_04_08_1_37_PM	41006.5263522128	30581	2	1304646	22	15000	2	15000	99				0	Nature	NAT4.JPG	Lab	LAB5.JPG	0	22	100	0	0	0	NaN	NaN	22
2016_04_08_1_38_PM	41006.5270582254	30581	2	1365646	23	15000	2	15000	99				0	Nature	NAT1.JPG	Lab	LAB6.JPG	0	23	100	0	0	0	NaN	NaN	23
2016_04_08_1_39_PM	41006.5277642496	30581	2	1426646	24	15000	2	15000	99				0	Nature	NAT6.JPG	Lab	LAB3.JPG	0	24	100	0	0	0	NaN	NaN	24
2016_04_08_1_41_PM	41006.5285165496	30581	2	1491645	25	15000	2	15000	99				0	Lab	LAB1.JPG	Affiliative	AFF4.JPG	0	25	100	0	0	0	NaN	NaN	25
2016_04_08_1_42_PM	41006.5292225738	30581	2	1552646	26	15000	2	15000	99				0	Lab	LAB2.JPG	Affiliative	AFF1.JPG	0	26	100	0	0	0	NaN	NaN	26
2016_04_08_1_43_PM	41006.5299286095	30581	2	1613647	27	15000	2	15000	99				0	Lab	LAB3.JPG	Affiliative	AFF2.JPG	0	27	100	0	0	0	NaN	NaN	27
2016_04_08_1_44_PM	41006.5306346221	30581	2	1674646	28	15000	2	15000	99				0	Lab	LAB6.JPG	Affiliative	AFF5.JPG	0	28	100	0	0	0	NaN	NaN	28
2016_04_08_1_45_PM	41006.5313406347	30581	2	1735646	29	15000	2	15000	99				0	Lab	LAB4.JPG	Affiliative	AFF6.JPG	0	29	100	0	0	0	NaN	NaN	29
2016_04_08_1_46_PM	41006.5320466589	30581	2	1796646	30	15000	2	15000	99				0	Lab	LAB5.JPG	Affiliative	AFF3.JPG	0	30	100	0	0	0	NaN	NaN	30
2016_04_08_1_47_PM	41006.5327526715	30581	2	1857646	31	15000	2	15000	99				0	Fruit	FRT3.JPG	Nature	NAT5.JPG	0	31	100	0	0	0	NaN	NaN	31
2016_04_08_1_48_PM	41006.5334587073	30581	2	1918647	32	15000	2	15000	99				0	Fruit	FRT1.JPG	Nature	NAT4.JPG	0	32	100	0	0	0	NaN	NaN	32
2016_04_08_1_49_PM	41006.5341646967	30581	2	1979645	33	15000	2	15000	99				0	Fruit	FRT6.JPG	Nature	NAT6.JPG	0	33	100	0	0	0	NaN	NaN	33
2016_04_08_1_50_PM	41006.5347867462	30581	2	2033367	34	7722	0	7722	0	Fruit	FRT2.JPG		0	Fruit	FRT2.JPG	Nature	NAT2.JPG	1	33	97	3	1	0	100	0	34
2016_04_08_1_50_PM	41006.5348202087	30581	2	2036280	34	10635	1	10635	99				0					1	33	97	3	1	0	100	0	35
2016_04_08_1_50_PM	41006.5351826369	30581	2	2067594	34	41949	1	41949	99				0					1	33	97	3	1	0	100	0	36
2016_04_08_1_51_PM	41006.5355767566	30581	2	2101647	35	15000	2	15000	99				0	Fruit	FRT5.JPG	Nature	NAT1.JPG	1	34	97	3	1	0	100	0	37
2016_04_08_1_52_PM	41006.5362827808	30581	2	2162647	36	15000	2	15000	99				0	Fruit	FRT4.JPG	Nature	NAT3.JPG	1	35	97	3	1	0	100	0	38
Date	Time	Monkey	Panel	Sess Time	Trial	Trial Time	code (0 grid touch, 1 large pix touch, 2 failed trial)	Latency to grid touch	Grid Choice	Category	Picture	Switch?	Switch count	Left categ	Left picture	Right categ	Right picture	Correct Trials	Failed Trials	% Failed	% success	Correct Trials Left	Correct Trials Right	% left choice	% right choice	record number
2016_04_08_1_17_PM	41006.5120775503	30194	1	20085	1	15000	2	15000	99				0	Lab	LAB5.JPG	Fruit	FRT5.JPG	0	1	100	0	0	0	NaN	NaN	1
2016_04_08_1_18_PM	41006.5127835745	30194	1	81085	2	15000	2	15000	99				0	Lab	LAB6.JPG	Fruit	FRT3.JPG	0	2	100	0	0	0	NaN	NaN	2
2016_04_08_1_19_PM	41006.5134895871	30194	1	142085	3	15000	2	15000	99				0	Lab	LAB1.JPG	Fruit	FRT2.JPG	0	3	100	0	0	0	NaN	NaN	3
2016_04_08_1_20_PM	41006.5141956113	30194	1	203085	4	15000	2	15000	99				0	Lab	LAB2.JPG	Fruit	FRT6.JPG	0	4	100	0	0	0	NaN	NaN	4
2016_04_08_1_21_PM	41006.5149016239	30194	1	264085	5	15000	2	15000	99				0	Lab	LAB4.JPG	Fruit	FRT4.JPG	0	5	100	0	0	0	NaN	NaN	5
2016_04_08_1_22_PM	41006.5156076596	30194	1	325086	6	15000	2	15000	99				0	Lab	LAB3.JPG	Fruit	FRT1.JPG	0	6	100	0	0	0	NaN	NaN	6
2016_04_08_1_23_PM	41006.5163136606	30194	1	386085	7	15000	2	15000	99				0	Affiliative	AFF4.JPG	Lab	LAB6.JPG	0	7	100	0	0	0	NaN	NaN	7
2016_04_08_1_24_PM	41006.5170196733	30194	1	447084	8	15000	2	15000	99				0	Affiliative	AFF3.JPG	Lab	LAB2.JPG	0	8	100	0	0	0	NaN	NaN	8
2016_04_08_1_25_PM	41006.5177256974	30194	1	508085	9	15000	2	15000	99				0	Affiliative	AFF1.JPG	Lab	LAB5.JPG	0	9	100	0	0	0	NaN	NaN	9
2016_04_08_1_26_PM	41006.5183598425	30194	1	562856	10	8771	0	8771	0	Affiliative	AFF5.JPG		0	Affiliative	AFF5.JPG	Lab	LAB4.JPG	1	9	90	10	1	0	100	0	10
2016_04_08_1_26_PM	41006.5186635867	30194	1	589117	10	35032	1	35032	99				0					1	9	90	10	1	0	100	0	11
2016_04_08_1_27_PM	41006.5190061642	30194	1	618700	11	3615	0	3615	0	Affiliative	AFF6.JPG		0	Affiliative	AFF6.JPG	Lab	LAB3.JPG	2	9	82	18	2	0	100	0	12
2016_04_08_1_27_PM	41006.5192732628	30194	1	641793	11	26708	1	26708	99				0					2	9	82	18	2	0	100	0	13
2016_04_08_1_27_PM	41006.5192942709	30194	1	643608	11	28523	1	28523	99				0					2	9	82	18	2	0	100	0	14
2016_04_08_1_27_PM	41006.5193251871	30194	1	646281	11	31196	1	31196	99				0					2	9	82	18	2	0	100	0	15
2016_04_08_1_28_PM	41006.5198437584	30194	1	691085	12	15000	2	15000	99				0	Affiliative	AFF2.JPG	Lab	LAB1.JPG	2	10	83	17	2	0	100	0	16
2016_04_08_1_29_PM	41006.5205960699	30194	1	756085	13	15000	2	15000	99				0	Nature	NAT3.JPG	Fruit	FRT5.JPG	2	11	85	15	2	0	100	0	17
2016_04_08_1_30_PM	41006.5213020941	30194	1	817085	14	15000	2	15000	99				0	Nature	NAT1.JPG	Fruit	FRT4.JPG	2	12	86	14	2	0	100	0	18
2016_04_08_1_31_PM	41006.5220081067	30194	1	878085	15	15000	2	15000	99				0	Nature	NAT6.JPG	Fruit	FRT3.JPG	2	13	87	13	2	0	100	0	19
2016_04_08_1_32_PM	41006.5227141425	30194	1	939086	16	15000	2	15000	99				0	Nature	NAT2.JPG	Fruit	FRT6.JPG	2	14	88	12	2	0	100	0	20
2016_04_08_1_33_PM	41006.5234201551	30194	1	1000086	17	15000	2	15000	99				0	Nature	NAT5.JPG	Fruit	FRT1.JPG	2	15	88	12	2	0	100	0	21
2016_04_08_1_34_PM	41006.5241261561	30194	1	1061084	18	15000	2	15000	99				0	Nature	NAT4.JPG	Fruit	FRT2.JPG	2	16	89	11	2	0	100	0	22
2016_04_08_1_35_PM	41006.5248321919	30194	1	1122086	19	15000	2	15000	99				0	Lab	LAB3.JPG	Nature	NAT1.JPG	2	17	89	11	2	0	100	0	23
2016_04_08_1_36_PM	41006.5255382045	30194	1	1183085	20	15000	2	15000	99				0	Lab	LAB6.JPG	Nature	NAT4.JPG	2	18	90	10	2	0	100	0	24
2016_04_08_1_37_PM	41006.5262442171	30194	1	1244085	21	15000	2	15000	99				0	Lab	LAB4.JPG	Nature	NAT3.JPG	2	19	90	10	2	0	100	0	25
2016_04_08_1_38_PM	41006.5269502412	30194	1	1305085	22	15000	2	15000	99				0	Lab	LAB2.JPG	Nature	NAT2.JPG	2	20	91	9	2	0	100	0	26
2016_04_08_1_39_PM	41006.5276562538	30194	1	1366085	23	15000	2	15000	99				0	Lab	LAB5.JPG	Nature	NAT5.JPG	2	21	91	9	2	0	100	0	27
2016_04_08_1_40_PM	41006.5283622780	30194	1	1427085	24	15000	2	15000	99				0	Lab	LAB1.JPG	Nature	NAT6.JPG	2	22	92	8	2	0	100	0	28
2016_04_08_1_41_PM	41006.5291146012	30194	1	1492086	25	15000	2	15000	99				0	Affiliative	AFF3.JPG	Nature	NAT4.JPG	2	23	92	8	2	0	100	0	29
2016_04_08_1_42_PM	41006.5298206022	30194	1	1553085	26	15000	2	15000	99				0	Affiliative	AFF1.JPG	Nature	NAT6.JPG	2	24	92	8	2	0	100	0	30
2016_04_08_1_43_PM	41006.5305266379	30194	1	1614086	27	15000	2	15000	99				0	Affiliative	AFF5.JPG	Nature	NAT3.JPG	2	25	93	7	2	0	100	0	31
2016_04_08_1_44_PM	41006.5312326505	30194	1	1675086	28	15000	2	15000	99				0	Affiliative	AFF6.JPG	Nature	NAT1.JPG	2	26	93	7	2	0	100	0	32
2016_04_08_1_46_PM	41006.5319386747	30194	1	1736086	29	15000	2	15000	99				0	Affiliative	AFF2.JPG	Nature	NAT5.JPG	2	27	93	7	2	0	100	0	33
2016_04_08_1_47_PM	41006.5326446989	30194	1	1797086	30	15000	2	15000	99				0	Affiliative	AFF4.JPG	Nature	NAT2.JPG	2	28	93	7	2	0	100	0	34
2016_04_08_1_48_PM	41006.5333507115	30194	1	1858086	31	15000	2	15000	99				0	Fruit	FRT5.JPG	Affiliative	AFF2.JPG	2	29	94	6	2	0	100	0	35
2016_04_08_1_49_PM	41006.5340567357	30194	1	1919086	32	15000	2	15000	99				0	Fruit	FRT3.JPG	Affiliative	AFF4.JPG	2	30	94	6	2	0	100	0	36
2016_04_08_1_50_PM	41006.5347627483	30194	1	1980086	33	15000	2	15000	99				0	Fruit	FRT2.JPG	Affiliative	AFF6.JPG	2	31	94	6	2	0	100	0	37
2016_04_08_1_51_PM	41006.5354687840	30194	1	2041087	34	15000	2	15000	99				0	Fruit	FRT1.JPG	Affiliative	AFF1.JPG	2	32	94	6	2	0	100	0	38
2016_04_08_1_52_PM	41006.5361747966	30194	1	2102087	35	15000	2	15000	99				0	Fruit	FRT4.JPG	Affiliative	AFF3.JPG	2	33	94	6	2	0	100	0	39
2016_04_08_1_53_PM	41006.5368808208	30194	1	2163087	36	15000	2	15000	99				0	Fruit	FRT6.JPG	Affiliative	AFF5.JPG	2	34	94	6	2	0	100	0	40
Date	Time	Monkey	Panel	Sess Time	Trial	Trial Time	code (0 grid touch, 1 large pix touch, 2 failed trial)	Latency to grid touch	Grid Choice	Category	Picture	Switch?	Switch count	Left categ	Left picture	Right categ	Right picture	Correct Trials	Failed Trials	% Failed	% success	Correct Trials Left	Correct Trials Right	% left choice	% right choice	record number
2016_04_08_1_15_PM	41006.5108429048	30606	0	19750	1	15000	2	15000	99				0	Affiliative	AFF6.JPG	Nature	NAT5.JPG	0	1	100	0	0	0	NaN	NaN	1
2016_04_08_1_16_PM	41006.5115489290	30606	0	80750	2	15000	2	15000	99				0	Affiliative	AFF5.JPG	Nature	NAT2.JPG	0	2	100	0	0	0	NaN	NaN	2
2016_04_08_1_17_PM	41006.5122549416	30606	0	141750	3	15000	2	15000	99				0	Affiliative	AFF2.JPG	Nature	NAT4.JPG	0	3	100	0	0	0	NaN	NaN	3
2016_04_08_1_18_PM	41006.5129609658	30606	0	202750	4	15000	2	15000	99				0	Affiliative	AFF4.JPG	Nature	NAT3.JPG	0	4	100	0	0	0	NaN	NaN	4
2016_04_08_1_19_PM	41006.5136669784	30606	0	263750	5	15000	2	15000	99				0	Affiliative	AFF3.JPG	Nature	NAT6.JPG	0	5	100	0	0	0	NaN	NaN	5
2016_04_08_1_20_PM	41006.5143730026	30606	0	324750	6	15000	2	15000	99				0	Affiliative	AFF1.JPG	Nature	NAT1.JPG	0	6	100	0	0	0	NaN	NaN	6
2016_04_08_1_21_PM	41006.5150790152	30606	0	385750	7	15000	2	15000	99				0	Lab	LAB5.JPG	Affiliative	AFF4.JPG	0	7	100	0	0	0	NaN	NaN	7
2016_04_08_1_22_PM	41006.5157850509	30606	0	446751	8	15000	2	15000	99				0	Lab	LAB3.JPG	Affiliative	AFF1.JPG	0	8	100	0	0	0	NaN	NaN	8
2016_04_08_1_23_PM	41006.5164910520	30606	0	507750	9	15000	2	15000	99				0	Lab	LAB2.JPG	Affiliative	AFF6.JPG	0	9	100	0	0	0	NaN	NaN	9
2016_04_08_1_24_PM	41006.5171970762	30606	0	568750	10	15000	2	15000	99				0	Lab	LAB4.JPG	Affiliative	AFF3.JPG	0	10	100	0	0	0	NaN	NaN	10
2016_04_08_1_25_PM	41006.5179030888	30606	0	629750	11	15000	2	15000	99				0	Lab	LAB1.JPG	Affiliative	AFF5.JPG	0	11	100	0	0	0	NaN	NaN	11
2016_04_08_1_26_PM	41006.5186091129	30606	0	690750	12	15000	2	15000	99				0	Lab	LAB6.JPG	Affiliative	AFF2.JPG	0	12	100	0	0	0	NaN	NaN	12
2016_04_08_1_27_PM	41006.5193614245	30606	0	755750	13	15000	2	15000	99				0	Fruit	FRT3.JPG	Lab	LAB5.JPG	0	13	100	0	0	0	NaN	NaN	13
2016_04_08_1_28_PM	41006.5200674602	30606	0	816751	14	15000	2	15000	99				0	Fruit	FRT4.JPG	Lab	LAB1.JPG	0	14	100	0	0	0	NaN	NaN	14
2016_04_08_1_29_PM	41006.5207734728	30606	0	877751	15	15000	2	15000	99				0	Fruit	FRT2.JPG	Lab	LAB2.JPG	0	15	100	0	0	0	NaN	NaN	15
2016_04_08_1_30_PM	41006.5214794970	30606	0	938751	16	15000	2	15000	99				0	Fruit	FRT1.JPG	Lab	LAB6.JPG	0	16	100	0	0	0	NaN	NaN	16
2016_04_08_1_31_PM	41006.5221855096	30606	0	999751	17	15000	2	15000	99				0	Fruit	FRT6.JPG	Lab	LAB4.JPG	0	17	100	0	0	0	NaN	NaN	17
2016_04_08_1_32_PM	41006.5228915338	30606	0	1060751	18	15000	2	15000	99				0	Fruit	FRT5.JPG	Lab	LAB3.JPG	0	18	100	0	0	0	NaN	NaN	18
2016_04_08_1_33_PM	41006.5235975464	30606	0	1121751	19	15000	2	15000	99				0	Fruit	FRT3.JPG	Affiliative	AFF1.JPG	0	19	100	0	0	0	NaN	NaN	19
2016_04_08_1_35_PM	41006.5243035706	30606	0	1182751	20	15000	2	15000	99				0	Fruit	FRT2.JPG	Affiliative	AFF5.JPG	0	20	100	0	0	0	NaN	NaN	20
2016_04_08_1_36_PM	41006.5250095716	30606	0	1243750	21	15000	2	15000	99				0	Fruit	FRT1.JPG	Affiliative	AFF6.JPG	0	21	100	0	0	0	NaN	NaN	21
2016_04_08_1_37_PM	41006.5257155958	30606	0	1304750	22	15000	2	15000	99				0	Fruit	FRT6.JPG	Affiliative	AFF4.JPG	0	22	100	0	0	0	NaN	NaN	22
2016_04_08_1_38_PM	41006.5264216084	30606	0	1365750	23	15000	2	15000	99				0	Fruit	FRT4.JPG	Affiliative	AFF2.JPG	0	23	100	0	0	0	NaN	NaN	23
2016_04_08_1_39_PM	41006.5271276326	30606	0	1426750	24	15000	2	15000	99				0	Fruit	FRT5.JPG	Affiliative	AFF3.JPG	0	24	100	0	0	0	NaN	NaN	24
2016_04_08_1_40_PM	41006.5278799441	30606	0	1491750	25	15000	2	15000	99				0	Lab	LAB5.JPG	Nature	NAT4.JPG	0	25	100	0	0	0	NaN	NaN	25
2016_04_08_1_41_PM	41006.5285859683	30606	0	1552751	26	15000	2	15000	99				0	Lab	LAB2.JPG	Nature	NAT6.JPG	0	26	100	0	0	0	NaN	NaN	26
2016_04_08_1_42_PM	41006.5292919925	30606	0	1613751	27	15000	2	15000	99				0	Lab	LAB6.JPG	Nature	NAT5.JPG	0	27	100	0	0	0	NaN	NaN	27
2016_04_08_1_43_PM	41006.5299980167	30606	0	1674751	28	15000	2	15000	99				0	Lab	LAB1.JPG	Nature	NAT3.JPG	0	28	100	0	0	0	NaN	NaN	28
2016_04_08_1_44_PM	41006.5307040408	30606	0	1735752	29	15000	2	15000	99				0	Lab	LAB3.JPG	Nature	NAT1.JPG	0	29	100	0	0	0	NaN	NaN	29
2016_04_08_1_45_PM	41006.5314100534	30606	0	1796751	30	15000	2	15000	99				0	Lab	LAB4.JPG	Nature	NAT2.JPG	0	30	100	0	0	0	NaN	NaN	30
2016_04_08_1_46_PM	41006.5321160661	30606	0	1857751	31	15000	2	15000	99				0	Nature	NAT6.JPG	Fruit	FRT1.JPG	0	31	100	0	0	0	NaN	NaN	31
2016_04_08_1_47_PM	41006.5328221018	30606	0	1918752	32	15000	2	15000	99				0	Nature	NAT5.JPG	Fruit	FRT5.JPG	0	32	100	0	0	0	NaN	NaN	32
2016_04_08_1_48_PM	41006.5334512813	30606	0	1973092	33	8342	0	8342	1	Fruit	FRT2.JPG		0	Nature	NAT4.JPG	Fruit	FRT2.JPG	1	32	97	3	0	1	0	100	33
2016_04_08_1_48_PM	41006.5337810918	30606	0	2001608	33	36858	1	36858	99				0					1	32	97	3	0	1	0	100	34
2016_04_08_1_48_PM	41006.5337888469	30606	0	2002278	33	37528	1	37528	99				0					1	32	97	3	0	1	0	100	35
2016_04_08_1_49_PM	41006.5342344048	30606	0	2040775	34	15025	2	15025	99				0	Nature	NAT2.JPG	Fruit	FRT3.JPG	1	33	97	3	0	1	0	100	36
2016_04_08_1_50_PM	41006.5349401280	30606	0	2101750	35	15000	2	15000	99				0	Nature	NAT3.JPG	Fruit	FRT4.JPG	1	34	97	3	0	1	0	100	37
2016_04_08_1_51_PM	41006.5355179504	30606	0	2151652	36	3902	0	3902	1	Fruit	FRT6.JPG		0	Nature	NAT1.JPG	Fruit	FRT6.JPG	2	34	94	6	0	2	0	100	38
2016_04_08_1_51_PM	41006.5357816345	30606	0	2174455	36	26705	1	26705	99				0					2	34	94	6	0	2	0	100	39
